       1         0.0d0         0.0d0         0.0d0
       2         1.0d0         0.0d0         0.0d0
       3         2.0d0         0.0d0         0.0d0
       4         0.0d0         1.0d0         0.0d0
       5         1.0d0         1.0d0         0.0d0
       6         2.0d0         1.0d0         0.0d0
       7         0.0d0         2.0d0         0.0d0
       8         1.0d0         2.0d0         0.0d0
       9         2.0d0         2.0d0         0.0d0
      10         0.0d0         0.0d0         1.0d0
      11         1.0d0         0.0d0         1.0d0
      12         2.0d0         0.0d0         1.0d0
      13         0.0d0         1.0d0         1.0d0
      14         1.0d0         1.0d0         1.0d0
      15         2.0d0         1.0d0         1.0d0
      16         0.0d0         2.0d0         1.0d0
      17         1.0d0         2.0d0         1.0d0
      18         2.0d0         2.0d0         1.0d0
      19         0.0d0         0.0d0         2.0d0
      20         1.0d0         0.0d0         2.0d0
      21         2.0d0         0.0d0         2.0d0
      22         0.0d0         1.0d0         2.0d0
      23         1.0d0         1.0d0         2.0d0
      24         2.0d0         1.0d0         2.0d0
      25         0.0d0         2.0d0         2.0d0
      26         1.0d0         2.0d0         2.0d0
      27         2.0d0         2.0d0         2.0d0
