1 1 2 102 101
2 2 3 103 102
3 3 4 104 103
4 4 5 105 104
5 5 6 106 105
6 6 7 107 106
7 7 8 108 107
8 8 9 109 108
9 9 10 110 109
10 10 11 111 110
11 11 12 112 111
12 12 13 113 112
13 13 14 114 113
14 14 15 115 114
15 15 16 116 115
16 16 17 117 116
17 17 18 118 117
18 18 19 119 118
19 19 20 120 119
20 20 21 121 120
21 21 22 122 121
22 22 23 123 122
23 23 24 124 123
24 24 25 125 124
25 25 26 126 125
26 26 27 127 126
27 27 28 128 127
28 28 29 129 128
29 29 30 130 129
30 30 31 131 130
31 31 32 132 131
32 32 33 133 132
33 33 34 134 133
34 34 35 135 134
35 35 36 136 135
36 36 37 137 136
37 37 38 138 137
38 38 39 139 138
39 39 40 140 139
40 40 41 141 140
41 41 42 142 141
42 42 43 143 142
43 43 44 144 143
44 44 45 145 144
45 45 46 146 145
46 46 47 147 146
47 47 48 148 147
48 48 49 149 148
49 49 50 150 149
50 50 51 151 150
51 51 52 152 151
52 52 53 153 152
53 53 54 154 153
54 54 55 155 154
55 55 56 156 155
56 56 57 157 156
57 57 58 158 157
58 58 59 159 158
59 59 60 160 159
60 60 61 161 160
61 61 62 162 161
62 62 63 163 162
63 63 64 164 163
64 64 65 165 164
65 65 66 166 165
66 66 67 167 166
67 67 68 168 167
68 68 69 169 168
69 69 70 170 169
70 70 71 171 170
71 71 72 172 171
72 72 73 173 172
73 73 74 174 173
74 74 75 175 174
75 75 76 176 175
76 76 77 177 176
77 77 78 178 177
78 78 79 179 178
79 79 80 180 179
80 80 81 181 180
81 81 82 182 181
82 82 83 183 182
83 83 84 184 183
84 84 85 185 184
85 85 86 186 185
86 86 87 187 186
87 87 88 188 187
88 88 89 189 188
89 89 90 190 189
90 90 91 191 190
91 91 92 192 191
92 92 93 193 192
93 93 94 194 193
94 94 95 195 194
95 95 96 196 195
96 96 97 197 196
97 97 98 198 197
98 98 99 199 198
99 99 100 200 199
100 101 102 202 201
101 102 103 203 202
102 103 104 204 203
103 104 105 205 204
104 105 106 206 205
105 106 107 207 206
106 107 108 208 207
107 108 109 209 208
108 109 110 210 209
109 110 111 211 210
110 111 112 212 211
111 112 113 213 212
112 113 114 214 213
113 114 115 215 214
114 115 116 216 215
115 116 117 217 216
116 117 118 218 217
117 118 119 219 218
118 119 120 220 219
119 120 121 221 220
120 121 122 222 221
121 122 123 223 222
122 123 124 224 223
123 124 125 225 224
124 125 126 226 225
125 126 127 227 226
126 127 128 228 227
127 128 129 229 228
128 129 130 230 229
129 130 131 231 230
130 131 132 232 231
131 132 133 233 232
132 133 134 234 233
133 134 135 235 234
134 135 136 236 235
135 136 137 237 236
136 137 138 238 237
137 138 139 239 238
138 139 140 240 239
139 140 141 241 240
140 141 142 242 241
141 142 143 243 242
142 143 144 244 243
143 144 145 245 244
144 145 146 246 245
145 146 147 247 246
146 147 148 248 247
147 148 149 249 248
148 149 150 250 249
149 150 151 251 250
150 151 152 252 251
151 152 153 253 252
152 153 154 254 253
153 154 155 255 254
154 155 156 256 255
155 156 157 257 256
156 157 158 258 257
157 158 159 259 258
158 159 160 260 259
159 160 161 261 260
160 161 162 262 261
161 162 163 263 262
162 163 164 264 263
163 164 165 265 264
164 165 166 266 265
165 166 167 267 266
166 167 168 268 267
167 168 169 269 268
168 169 170 270 269
169 170 171 271 270
170 171 172 272 271
171 172 173 273 272
172 173 174 274 273
173 174 175 275 274
174 175 176 276 275
175 176 177 277 276
176 177 178 278 277
177 178 179 279 278
178 179 180 280 279
179 180 181 281 280
180 181 182 282 281
181 182 183 283 282
182 183 184 284 283
183 184 185 285 284
184 185 186 286 285
185 186 187 287 286
186 187 188 288 287
187 188 189 289 288
188 189 190 290 289
189 190 191 291 290
190 191 192 292 291
191 192 193 293 292
192 193 194 294 293
193 194 195 295 294
194 195 196 296 295
195 196 197 297 296
196 197 198 298 297
197 198 199 299 298
198 199 200 300 299
199 201 202 302 301
200 202 203 303 302
201 203 204 304 303
202 204 205 305 304
203 205 206 306 305
204 206 207 307 306
205 207 208 308 307
206 208 209 309 308
207 209 210 310 309
208 210 211 311 310
209 211 212 312 311
210 212 213 313 312
211 213 214 314 313
212 214 215 315 314
213 215 216 316 315
214 216 217 317 316
215 217 218 318 317
216 218 219 319 318
217 219 220 320 319
218 220 221 321 320
219 221 222 322 321
220 222 223 323 322
221 223 224 324 323
222 224 225 325 324
223 225 226 326 325
224 226 227 327 326
225 227 228 328 327
226 228 229 329 328
227 229 230 330 329
228 230 231 331 330
229 231 232 332 331
230 232 233 333 332
231 233 234 334 333
232 234 235 335 334
233 235 236 336 335
234 236 237 337 336
235 237 238 338 337
236 238 239 339 338
237 239 240 340 339
238 240 241 341 340
239 241 242 342 341
240 242 243 343 342
241 243 244 344 343
242 244 245 345 344
243 245 246 346 345
244 246 247 347 346
245 247 248 348 347
246 248 249 349 348
247 249 250 350 349
248 250 251 351 350
249 251 252 352 351
250 252 253 353 352
251 253 254 354 353
252 254 255 355 354
253 255 256 356 355
254 256 257 357 356
255 257 258 358 357
256 258 259 359 358
257 259 260 360 359
258 260 261 361 360
259 261 262 362 361
260 262 263 363 362
261 263 264 364 363
262 264 265 365 364
263 265 266 366 365
264 266 267 367 366
265 267 268 368 367
266 268 269 369 368
267 269 270 370 369
268 270 271 371 370
269 271 272 372 371
270 272 273 373 372
271 273 274 374 373
272 274 275 375 374
273 275 276 376 375
274 276 277 377 376
275 277 278 378 377
276 278 279 379 378
277 279 280 380 379
278 280 281 381 380
279 281 282 382 381
280 282 283 383 382
281 283 284 384 383
282 284 285 385 384
283 285 286 386 385
284 286 287 387 386
285 287 288 388 387
286 288 289 389 388
287 289 290 390 389
288 290 291 391 390
289 291 292 392 391
290 292 293 393 392
291 293 294 394 393
292 294 295 395 394
293 295 296 396 395
294 296 297 397 396
295 297 298 398 397
296 298 299 399 398
297 299 300 400 399
298 301 302 402 401
299 302 303 403 402
300 303 304 404 403
301 304 305 405 404
302 305 306 406 405
303 306 307 407 406
304 307 308 408 407
305 308 309 409 408
306 309 310 410 409
307 310 311 411 410
308 311 312 412 411
309 312 313 413 412
310 313 314 414 413
311 314 315 415 414
312 315 316 416 415
313 316 317 417 416
314 317 318 418 417
315 318 319 419 418
316 319 320 420 419
317 320 321 421 420
318 321 322 422 421
319 322 323 423 422
320 323 324 424 423
321 324 325 425 424
322 325 326 426 425
323 326 327 427 426
324 327 328 428 427
325 328 329 429 428
326 329 330 430 429
327 330 331 431 430
328 331 332 432 431
329 332 333 433 432
330 333 334 434 433
331 334 335 435 434
332 335 336 436 435
333 336 337 437 436
334 337 338 438 437
335 338 339 439 438
336 339 340 440 439
337 340 341 441 440
338 341 342 442 441
339 342 343 443 442
340 343 344 444 443
341 344 345 445 444
342 345 346 446 445
343 346 347 447 446
344 347 348 448 447
345 348 349 449 448
346 349 350 450 449
347 350 351 451 450
348 351 352 452 451
349 352 353 453 452
350 353 354 454 453
351 354 355 455 454
352 355 356 456 455
353 356 357 457 456
354 357 358 458 457
355 358 359 459 458
356 359 360 460 459
357 360 361 461 460
358 361 362 462 461
359 362 363 463 462
360 363 364 464 463
361 364 365 465 464
362 365 366 466 465
363 366 367 467 466
364 367 368 468 467
365 368 369 469 468
366 369 370 470 469
367 370 371 471 470
368 371 372 472 471
369 372 373 473 472
370 373 374 474 473
371 374 375 475 474
372 375 376 476 475
373 376 377 477 476
374 377 378 478 477
375 378 379 479 478
376 379 380 480 479
377 380 381 481 480
378 381 382 482 481
379 382 383 483 482
380 383 384 484 483
381 384 385 485 484
382 385 386 486 485
383 386 387 487 486
384 387 388 488 487
385 388 389 489 488
386 389 390 490 489
387 390 391 491 490
388 391 392 492 491
389 392 393 493 492
390 393 394 494 493
391 394 395 495 494
392 395 396 496 495
393 396 397 497 496
394 397 398 498 497
395 398 399 499 498
396 399 400 500 499
397 401 402 502 501
398 402 403 503 502
399 403 404 504 503
400 404 405 505 504
401 405 406 506 505
402 406 407 507 506
403 407 408 508 507
404 408 409 509 508
405 409 410 510 509
406 410 411 511 510
407 411 412 512 511
408 412 413 513 512
409 413 414 514 513
410 414 415 515 514
411 415 416 516 515
412 416 417 517 516
413 417 418 518 517
414 418 419 519 518
415 419 420 520 519
416 420 421 521 520
417 421 422 522 521
418 422 423 523 522
419 423 424 524 523
420 424 425 525 524
421 425 426 526 525
422 426 427 527 526
423 427 428 528 527
424 428 429 529 528
425 429 430 530 529
426 430 431 531 530
427 431 432 532 531
428 432 433 533 532
429 433 434 534 533
430 434 435 535 534
431 435 436 536 535
432 436 437 537 536
433 437 438 538 537
434 438 439 539 538
435 439 440 540 539
436 440 441 541 540
437 441 442 542 541
438 442 443 543 542
439 443 444 544 543
440 444 445 545 544
441 445 446 546 545
442 446 447 547 546
443 447 448 548 547
444 448 449 549 548
445 449 450 550 549
446 450 451 551 550
447 451 452 552 551
448 452 453 553 552
449 453 454 554 553
450 454 455 555 554
451 455 456 556 555
452 456 457 557 556
453 457 458 558 557
454 458 459 559 558
455 459 460 560 559
456 460 461 561 560
457 461 462 562 561
458 462 463 563 562
459 463 464 564 563
460 464 465 565 564
461 465 466 566 565
462 466 467 567 566
463 467 468 568 567
464 468 469 569 568
465 469 470 570 569
466 470 471 571 570
467 471 472 572 571
468 472 473 573 572
469 473 474 574 573
470 474 475 575 574
471 475 476 576 575
472 476 477 577 576
473 477 478 578 577
474 478 479 579 578
475 479 480 580 579
476 480 481 581 580
477 481 482 582 581
478 482 483 583 582
479 483 484 584 583
480 484 485 585 584
481 485 486 586 585
482 486 487 587 586
483 487 488 588 587
484 488 489 589 588
485 489 490 590 589
486 490 491 591 590
487 491 492 592 591
488 492 493 593 592
489 493 494 594 593
490 494 495 595 594
491 495 496 596 595
492 496 497 597 596
493 497 498 598 597
494 498 499 599 598
495 499 500 600 599
496 501 502 602 601
497 502 503 603 602
498 503 504 604 603
499 504 505 605 604
500 505 506 606 605
501 506 507 607 606
502 507 508 608 607
503 508 509 609 608
504 509 510 610 609
505 510 511 611 610
506 511 512 612 611
507 512 513 613 612
508 513 514 614 613
509 514 515 615 614
510 515 516 616 615
511 516 517 617 616
512 517 518 618 617
513 518 519 619 618
514 519 520 620 619
515 520 521 621 620
516 521 522 622 621
517 522 523 623 622
518 523 524 624 623
519 524 525 625 624
520 525 526 626 625
521 526 527 627 626
522 527 528 628 627
523 528 529 629 628
524 529 530 630 629
525 530 531 631 630
526 531 532 632 631
527 532 533 633 632
528 533 534 634 633
529 534 535 635 634
530 535 536 636 635
531 536 537 637 636
532 537 538 638 637
533 538 539 639 638
534 539 540 640 639
535 540 541 641 640
536 541 542 642 641
537 542 543 643 642
538 543 544 644 643
539 544 545 645 644
540 545 546 646 645
541 546 547 647 646
542 547 548 648 647
543 548 549 649 648
544 549 550 650 649
545 550 551 651 650
546 551 552 652 651
547 552 553 653 652
548 553 554 654 653
549 554 555 655 654
550 555 556 656 655
551 556 557 657 656
552 557 558 658 657
553 558 559 659 658
554 559 560 660 659
555 560 561 661 660
556 561 562 662 661
557 562 563 663 662
558 563 564 664 663
559 564 565 665 664
560 565 566 666 665
561 566 567 667 666
562 567 568 668 667
563 568 569 669 668
564 569 570 670 669
565 570 571 671 670
566 571 572 672 671
567 572 573 673 672
568 573 574 674 673
569 574 575 675 674
570 575 576 676 675
571 576 577 677 676
572 577 578 678 677
573 578 579 679 678
574 579 580 680 679
575 580 581 681 680
576 581 582 682 681
577 582 583 683 682
578 583 584 684 683
579 584 585 685 684
580 585 586 686 685
581 586 587 687 686
582 587 588 688 687
583 588 589 689 688
584 589 590 690 689
585 590 591 691 690
586 591 592 692 691
587 592 593 693 692
588 593 594 694 693
589 594 595 695 694
590 595 596 696 695
591 596 597 697 696
592 597 598 698 697
593 598 599 699 698
594 599 600 700 699
595 601 602 702 701
596 602 603 703 702
597 603 604 704 703
598 604 605 705 704
599 605 606 706 705
600 606 607 707 706
601 607 608 708 707
602 608 609 709 708
603 609 610 710 709
604 610 611 711 710
605 611 612 712 711
606 612 613 713 712
607 613 614 714 713
608 614 615 715 714
609 615 616 716 715
610 616 617 717 716
611 617 618 718 717
612 618 619 719 718
613 619 620 720 719
614 620 621 721 720
615 621 622 722 721
616 622 623 723 722
617 623 624 724 723
618 624 625 725 724
619 625 626 726 725
620 626 627 727 726
621 627 628 728 727
622 628 629 729 728
623 629 630 730 729
624 630 631 731 730
625 631 632 732 731
626 632 633 733 732
627 633 634 734 733
628 634 635 735 734
629 635 636 736 735
630 636 637 737 736
631 637 638 738 737
632 638 639 739 738
633 639 640 740 739
634 640 641 741 740
635 641 642 742 741
636 642 643 743 742
637 643 644 744 743
638 644 645 745 744
639 645 646 746 745
640 646 647 747 746
641 647 648 748 747
642 648 649 749 748
643 649 650 750 749
644 650 651 751 750
645 651 652 752 751
646 652 653 753 752
647 653 654 754 753
648 654 655 755 754
649 655 656 756 755
650 656 657 757 756
651 657 658 758 757
652 658 659 759 758
653 659 660 760 759
654 660 661 761 760
655 661 662 762 761
656 662 663 763 762
657 663 664 764 763
658 664 665 765 764
659 665 666 766 765
660 666 667 767 766
661 667 668 768 767
662 668 669 769 768
663 669 670 770 769
664 670 671 771 770
665 671 672 772 771
666 672 673 773 772
667 673 674 774 773
668 674 675 775 774
669 675 676 776 775
670 676 677 777 776
671 677 678 778 777
672 678 679 779 778
673 679 680 780 779
674 680 681 781 780
675 681 682 782 781
676 682 683 783 782
677 683 684 784 783
678 684 685 785 784
679 685 686 786 785
680 686 687 787 786
681 687 688 788 787
682 688 689 789 788
683 689 690 790 789
684 690 691 791 790
685 691 692 792 791
686 692 693 793 792
687 693 694 794 793
688 694 695 795 794
689 695 696 796 795
690 696 697 797 796
691 697 698 798 797
692 698 699 799 798
693 699 700 800 799
694 701 702 802 801
695 702 703 803 802
696 703 704 804 803
697 704 705 805 804
698 705 706 806 805
699 706 707 807 806
700 707 708 808 807
701 708 709 809 808
702 709 710 810 809
703 710 711 811 810
704 711 712 812 811
705 712 713 813 812
706 713 714 814 813
707 714 715 815 814
708 715 716 816 815
709 716 717 817 816
710 717 718 818 817
711 718 719 819 818
712 719 720 820 819
713 720 721 821 820
714 721 722 822 821
715 722 723 823 822
716 723 724 824 823
717 724 725 825 824
718 725 726 826 825
719 726 727 827 826
720 727 728 828 827
721 728 729 829 828
722 729 730 830 829
723 730 731 831 830
724 731 732 832 831
725 732 733 833 832
726 733 734 834 833
727 734 735 835 834
728 735 736 836 835
729 736 737 837 836
730 737 738 838 837
731 738 739 839 838
732 739 740 840 839
733 740 741 841 840
734 741 742 842 841
735 742 743 843 842
736 743 744 844 843
737 744 745 845 844
738 745 746 846 845
739 746 747 847 846
740 747 748 848 847
741 748 749 849 848
742 749 750 850 849
743 750 751 851 850
744 751 752 852 851
745 752 753 853 852
746 753 754 854 853
747 754 755 855 854
748 755 756 856 855
749 756 757 857 856
750 757 758 858 857
751 758 759 859 858
752 759 760 860 859
753 760 761 861 860
754 761 762 862 861
755 762 763 863 862
756 763 764 864 863
757 764 765 865 864
758 765 766 866 865
759 766 767 867 866
760 767 768 868 867
761 768 769 869 868
762 769 770 870 869
763 770 771 871 870
764 771 772 872 871
765 772 773 873 872
766 773 774 874 873
767 774 775 875 874
768 775 776 876 875
769 776 777 877 876
770 777 778 878 877
771 778 779 879 878
772 779 780 880 879
773 780 781 881 880
774 781 782 882 881
775 782 783 883 882
776 783 784 884 883
777 784 785 885 884
778 785 786 886 885
779 786 787 887 886
780 787 788 888 887
781 788 789 889 888
782 789 790 890 889
783 790 791 891 890
784 791 792 892 891
785 792 793 893 892
786 793 794 894 893
787 794 795 895 894
788 795 796 896 895
789 796 797 897 896
790 797 798 898 897
791 798 799 899 898
792 799 800 900 899
793 801 802 902 901
794 802 803 903 902
795 803 804 904 903
796 804 805 905 904
797 805 806 906 905
798 806 807 907 906
799 807 808 908 907
800 808 809 909 908
801 809 810 910 909
802 810 811 911 910
803 811 812 912 911
804 812 813 913 912
805 813 814 914 913
806 814 815 915 914
807 815 816 916 915
808 816 817 917 916
809 817 818 918 917
810 818 819 919 918
811 819 820 920 919
812 820 821 921 920
813 821 822 922 921
814 822 823 923 922
815 823 824 924 923
816 824 825 925 924
817 825 826 926 925
818 826 827 927 926
819 827 828 928 927
820 828 829 929 928
821 829 830 930 929
822 830 831 931 930
823 831 832 932 931
824 832 833 933 932
825 833 834 934 933
826 834 835 935 934
827 835 836 936 935
828 836 837 937 936
829 837 838 938 937
830 838 839 939 938
831 839 840 940 939
832 840 841 941 940
833 841 842 942 941
834 842 843 943 942
835 843 844 944 943
836 844 845 945 944
837 845 846 946 945
838 846 847 947 946
839 847 848 948 947
840 848 849 949 948
841 849 850 950 949
842 850 851 951 950
843 851 852 952 951
844 852 853 953 952
845 853 854 954 953
846 854 855 955 954
847 855 856 956 955
848 856 857 957 956
849 857 858 958 957
850 858 859 959 958
851 859 860 960 959
852 860 861 961 960
853 861 862 962 961
854 862 863 963 962
855 863 864 964 963
856 864 865 965 964
857 865 866 966 965
858 866 867 967 966
859 867 868 968 967
860 868 869 969 968
861 869 870 970 969
862 870 871 971 970
863 871 872 972 971
864 872 873 973 972
865 873 874 974 973
866 874 875 975 974
867 875 876 976 975
868 876 877 977 976
869 877 878 978 977
870 878 879 979 978
871 879 880 980 979
872 880 881 981 980
873 881 882 982 981
874 882 883 983 982
875 883 884 984 983
876 884 885 985 984
877 885 886 986 985
878 886 887 987 986
879 887 888 988 987
880 888 889 989 988
881 889 890 990 989
882 890 891 991 990
883 891 892 992 991
884 892 893 993 992
885 893 894 994 993
886 894 895 995 994
887 895 896 996 995
888 896 897 997 996
889 897 898 998 997
890 898 899 999 998
891 899 900 1000 999
892 901 902 1002 1001
893 902 903 1003 1002
894 903 904 1004 1003
895 904 905 1005 1004
896 905 906 1006 1005
897 906 907 1007 1006
898 907 908 1008 1007
899 908 909 1009 1008
900 909 910 1010 1009
901 910 911 1011 1010
902 911 912 1012 1011
903 912 913 1013 1012
904 913 914 1014 1013
905 914 915 1015 1014
906 915 916 1016 1015
907 916 917 1017 1016
908 917 918 1018 1017
909 918 919 1019 1018
910 919 920 1020 1019
911 920 921 1021 1020
912 921 922 1022 1021
913 922 923 1023 1022
914 923 924 1024 1023
915 924 925 1025 1024
916 925 926 1026 1025
917 926 927 1027 1026
918 927 928 1028 1027
919 928 929 1029 1028
920 929 930 1030 1029
921 930 931 1031 1030
922 931 932 1032 1031
923 932 933 1033 1032
924 933 934 1034 1033
925 934 935 1035 1034
926 935 936 1036 1035
927 936 937 1037 1036
928 937 938 1038 1037
929 938 939 1039 1038
930 939 940 1040 1039
931 940 941 1041 1040
932 941 942 1042 1041
933 942 943 1043 1042
934 943 944 1044 1043
935 944 945 1045 1044
936 945 946 1046 1045
937 946 947 1047 1046
938 947 948 1048 1047
939 948 949 1049 1048
940 949 950 1050 1049
941 950 951 1051 1050
942 951 952 1052 1051
943 952 953 1053 1052
944 953 954 1054 1053
945 954 955 1055 1054
946 955 956 1056 1055
947 956 957 1057 1056
948 957 958 1058 1057
949 958 959 1059 1058
950 959 960 1060 1059
951 960 961 1061 1060
952 961 962 1062 1061
953 962 963 1063 1062
954 963 964 1064 1063
955 964 965 1065 1064
956 965 966 1066 1065
957 966 967 1067 1066
958 967 968 1068 1067
959 968 969 1069 1068
960 969 970 1070 1069
961 970 971 1071 1070
962 971 972 1072 1071
963 972 973 1073 1072
964 973 974 1074 1073
965 974 975 1075 1074
966 975 976 1076 1075
967 976 977 1077 1076
968 977 978 1078 1077
969 978 979 1079 1078
970 979 980 1080 1079
971 980 981 1081 1080
972 981 982 1082 1081
973 982 983 1083 1082
974 983 984 1084 1083
975 984 985 1085 1084
976 985 986 1086 1085
977 986 987 1087 1086
978 987 988 1088 1087
979 988 989 1089 1088
980 989 990 1090 1089
981 990 991 1091 1090
982 991 992 1092 1091
983 992 993 1093 1092
984 993 994 1094 1093
985 994 995 1095 1094
986 995 996 1096 1095
987 996 997 1097 1096
988 997 998 1098 1097
989 998 999 1099 1098
990 999 1000 1100 1099
991 1001 1002 1102 1101
992 1002 1003 1103 1102
993 1003 1004 1104 1103
994 1004 1005 1105 1104
995 1005 1006 1106 1105
996 1006 1007 1107 1106
997 1007 1008 1108 1107
998 1008 1009 1109 1108
999 1009 1010 1110 1109
1000 1010 1011 1111 1110
1001 1011 1012 1112 1111
1002 1012 1013 1113 1112
1003 1013 1014 1114 1113
1004 1014 1015 1115 1114
1005 1015 1016 1116 1115
1006 1016 1017 1117 1116
1007 1017 1018 1118 1117
1008 1018 1019 1119 1118
1009 1019 1020 1120 1119
1010 1020 1021 1121 1120
1011 1021 1022 1122 1121
1012 1022 1023 1123 1122
1013 1023 1024 1124 1123
1014 1024 1025 1125 1124
1015 1025 1026 1126 1125
1016 1026 1027 1127 1126
1017 1027 1028 1128 1127
1018 1028 1029 1129 1128
1019 1029 1030 1130 1129
1020 1030 1031 1131 1130
1021 1031 1032 1132 1131
1022 1032 1033 1133 1132
1023 1033 1034 1134 1133
1024 1034 1035 1135 1134
1025 1035 1036 1136 1135
1026 1036 1037 1137 1136
1027 1037 1038 1138 1137
1028 1038 1039 1139 1138
1029 1039 1040 1140 1139
1030 1040 1041 1141 1140
1031 1041 1042 1142 1141
1032 1042 1043 1143 1142
1033 1043 1044 1144 1143
1034 1044 1045 1145 1144
1035 1045 1046 1146 1145
1036 1046 1047 1147 1146
1037 1047 1048 1148 1147
1038 1048 1049 1149 1148
1039 1049 1050 1150 1149
1040 1050 1051 1151 1150
1041 1051 1052 1152 1151
1042 1052 1053 1153 1152
1043 1053 1054 1154 1153
1044 1054 1055 1155 1154
1045 1055 1056 1156 1155
1046 1056 1057 1157 1156
1047 1057 1058 1158 1157
1048 1058 1059 1159 1158
1049 1059 1060 1160 1159
1050 1060 1061 1161 1160
1051 1061 1062 1162 1161
1052 1062 1063 1163 1162
1053 1063 1064 1164 1163
1054 1064 1065 1165 1164
1055 1065 1066 1166 1165
1056 1066 1067 1167 1166
1057 1067 1068 1168 1167
1058 1068 1069 1169 1168
1059 1069 1070 1170 1169
1060 1070 1071 1171 1170
1061 1071 1072 1172 1171
1062 1072 1073 1173 1172
1063 1073 1074 1174 1173
1064 1074 1075 1175 1174
1065 1075 1076 1176 1175
1066 1076 1077 1177 1176
1067 1077 1078 1178 1177
1068 1078 1079 1179 1178
1069 1079 1080 1180 1179
1070 1080 1081 1181 1180
1071 1081 1082 1182 1181
1072 1082 1083 1183 1182
1073 1083 1084 1184 1183
1074 1084 1085 1185 1184
1075 1085 1086 1186 1185
1076 1086 1087 1187 1186
1077 1087 1088 1188 1187
1078 1088 1089 1189 1188
1079 1089 1090 1190 1189
1080 1090 1091 1191 1190
1081 1091 1092 1192 1191
1082 1092 1093 1193 1192
1083 1093 1094 1194 1193
1084 1094 1095 1195 1194
1085 1095 1096 1196 1195
1086 1096 1097 1197 1196
1087 1097 1098 1198 1197
1088 1098 1099 1199 1198
1089 1099 1100 1200 1199
1090 1101 1102 1202 1201
1091 1102 1103 1203 1202
1092 1103 1104 1204 1203
1093 1104 1105 1205 1204
1094 1105 1106 1206 1205
1095 1106 1107 1207 1206
1096 1107 1108 1208 1207
1097 1108 1109 1209 1208
1098 1109 1110 1210 1209
1099 1110 1111 1211 1210
1100 1111 1112 1212 1211
1101 1112 1113 1213 1212
1102 1113 1114 1214 1213
1103 1114 1115 1215 1214
1104 1115 1116 1216 1215
1105 1116 1117 1217 1216
1106 1117 1118 1218 1217
1107 1118 1119 1219 1218
1108 1119 1120 1220 1219
1109 1120 1121 1221 1220
1110 1121 1122 1222 1221
1111 1122 1123 1223 1222
1112 1123 1124 1224 1223
1113 1124 1125 1225 1224
1114 1125 1126 1226 1225
1115 1126 1127 1227 1226
1116 1127 1128 1228 1227
1117 1128 1129 1229 1228
1118 1129 1130 1230 1229
1119 1130 1131 1231 1230
1120 1131 1132 1232 1231
1121 1132 1133 1233 1232
1122 1133 1134 1234 1233
1123 1134 1135 1235 1234
1124 1135 1136 1236 1235
1125 1136 1137 1237 1236
1126 1137 1138 1238 1237
1127 1138 1139 1239 1238
1128 1139 1140 1240 1239
1129 1140 1141 1241 1240
1130 1141 1142 1242 1241
1131 1142 1143 1243 1242
1132 1143 1144 1244 1243
1133 1144 1145 1245 1244
1134 1145 1146 1246 1245
1135 1146 1147 1247 1246
1136 1147 1148 1248 1247
1137 1148 1149 1249 1248
1138 1149 1150 1250 1249
1139 1150 1151 1251 1250
1140 1151 1152 1252 1251
1141 1152 1153 1253 1252
1142 1153 1154 1254 1253
1143 1154 1155 1255 1254
1144 1155 1156 1256 1255
1145 1156 1157 1257 1256
1146 1157 1158 1258 1257
1147 1158 1159 1259 1258
1148 1159 1160 1260 1259
1149 1160 1161 1261 1260
1150 1161 1162 1262 1261
1151 1162 1163 1263 1262
1152 1163 1164 1264 1263
1153 1164 1165 1265 1264
1154 1165 1166 1266 1265
1155 1166 1167 1267 1266
1156 1167 1168 1268 1267
1157 1168 1169 1269 1268
1158 1169 1170 1270 1269
1159 1170 1171 1271 1270
1160 1171 1172 1272 1271
1161 1172 1173 1273 1272
1162 1173 1174 1274 1273
1163 1174 1175 1275 1274
1164 1175 1176 1276 1275
1165 1176 1177 1277 1276
1166 1177 1178 1278 1277
1167 1178 1179 1279 1278
1168 1179 1180 1280 1279
1169 1180 1181 1281 1280
1170 1181 1182 1282 1281
1171 1182 1183 1283 1282
1172 1183 1184 1284 1283
1173 1184 1185 1285 1284
1174 1185 1186 1286 1285
1175 1186 1187 1287 1286
1176 1187 1188 1288 1287
1177 1188 1189 1289 1288
1178 1189 1190 1290 1289
1179 1190 1191 1291 1290
1180 1191 1192 1292 1291
1181 1192 1193 1293 1292
1182 1193 1194 1294 1293
1183 1194 1195 1295 1294
1184 1195 1196 1296 1295
1185 1196 1197 1297 1296
1186 1197 1198 1298 1297
1187 1198 1199 1299 1298
1188 1199 1200 1300 1299
1189 1201 1202 1302 1301
1190 1202 1203 1303 1302
1191 1203 1204 1304 1303
1192 1204 1205 1305 1304
1193 1205 1206 1306 1305
1194 1206 1207 1307 1306
1195 1207 1208 1308 1307
1196 1208 1209 1309 1308
1197 1209 1210 1310 1309
1198 1210 1211 1311 1310
1199 1211 1212 1312 1311
1200 1212 1213 1313 1312
1201 1213 1214 1314 1313
1202 1214 1215 1315 1314
1203 1215 1216 1316 1315
1204 1216 1217 1317 1316
1205 1217 1218 1318 1317
1206 1218 1219 1319 1318
1207 1219 1220 1320 1319
1208 1220 1221 1321 1320
1209 1221 1222 1322 1321
1210 1222 1223 1323 1322
1211 1223 1224 1324 1323
1212 1224 1225 1325 1324
1213 1225 1226 1326 1325
1214 1226 1227 1327 1326
1215 1227 1228 1328 1327
1216 1228 1229 1329 1328
1217 1229 1230 1330 1329
1218 1230 1231 1331 1330
1219 1231 1232 1332 1331
1220 1232 1233 1333 1332
1221 1233 1234 1334 1333
1222 1234 1235 1335 1334
1223 1235 1236 1336 1335
1224 1236 1237 1337 1336
1225 1237 1238 1338 1337
1226 1238 1239 1339 1338
1227 1239 1240 1340 1339
1228 1240 1241 1341 1340
1229 1241 1242 1342 1341
1230 1242 1243 1343 1342
1231 1243 1244 1344 1343
1232 1244 1245 1345 1344
1233 1245 1246 1346 1345
1234 1246 1247 1347 1346
1235 1247 1248 1348 1347
1236 1248 1249 1349 1348
1237 1249 1250 1350 1349
1238 1250 1251 1351 1350
1239 1251 1252 1352 1351
1240 1252 1253 1353 1352
1241 1253 1254 1354 1353
1242 1254 1255 1355 1354
1243 1255 1256 1356 1355
1244 1256 1257 1357 1356
1245 1257 1258 1358 1357
1246 1258 1259 1359 1358
1247 1259 1260 1360 1359
1248 1260 1261 1361 1360
1249 1261 1262 1362 1361
1250 1262 1263 1363 1362
1251 1263 1264 1364 1363
1252 1264 1265 1365 1364
1253 1265 1266 1366 1365
1254 1266 1267 1367 1366
1255 1267 1268 1368 1367
1256 1268 1269 1369 1368
1257 1269 1270 1370 1369
1258 1270 1271 1371 1370
1259 1271 1272 1372 1371
1260 1272 1273 1373 1372
1261 1273 1274 1374 1373
1262 1274 1275 1375 1374
1263 1275 1276 1376 1375
1264 1276 1277 1377 1376
1265 1277 1278 1378 1377
1266 1278 1279 1379 1378
1267 1279 1280 1380 1379
1268 1280 1281 1381 1380
1269 1281 1282 1382 1381
1270 1282 1283 1383 1382
1271 1283 1284 1384 1383
1272 1284 1285 1385 1384
1273 1285 1286 1386 1385
1274 1286 1287 1387 1386
1275 1287 1288 1388 1387
1276 1288 1289 1389 1388
1277 1289 1290 1390 1389
1278 1290 1291 1391 1390
1279 1291 1292 1392 1391
1280 1292 1293 1393 1392
1281 1293 1294 1394 1393
1282 1294 1295 1395 1394
1283 1295 1296 1396 1395
1284 1296 1297 1397 1396
1285 1297 1298 1398 1397
1286 1298 1299 1399 1398
1287 1299 1300 1400 1399
1288 1301 1302 1402 1401
1289 1302 1303 1403 1402
1290 1303 1304 1404 1403
1291 1304 1305 1405 1404
1292 1305 1306 1406 1405
1293 1306 1307 1407 1406
1294 1307 1308 1408 1407
1295 1308 1309 1409 1408
1296 1309 1310 1410 1409
1297 1310 1311 1411 1410
1298 1311 1312 1412 1411
1299 1312 1313 1413 1412
1300 1313 1314 1414 1413
1301 1314 1315 1415 1414
1302 1315 1316 1416 1415
1303 1316 1317 1417 1416
1304 1317 1318 1418 1417
1305 1318 1319 1419 1418
1306 1319 1320 1420 1419
1307 1320 1321 1421 1420
1308 1321 1322 1422 1421
1309 1322 1323 1423 1422
1310 1323 1324 1424 1423
1311 1324 1325 1425 1424
1312 1325 1326 1426 1425
1313 1326 1327 1427 1426
1314 1327 1328 1428 1427
1315 1328 1329 1429 1428
1316 1329 1330 1430 1429
1317 1330 1331 1431 1430
1318 1331 1332 1432 1431
1319 1332 1333 1433 1432
1320 1333 1334 1434 1433
1321 1334 1335 1435 1434
1322 1335 1336 1436 1435
1323 1336 1337 1437 1436
1324 1337 1338 1438 1437
1325 1338 1339 1439 1438
1326 1339 1340 1440 1439
1327 1340 1341 1441 1440
1328 1341 1342 1442 1441
1329 1342 1343 1443 1442
1330 1343 1344 1444 1443
1331 1344 1345 1445 1444
1332 1345 1346 1446 1445
1333 1346 1347 1447 1446
1334 1347 1348 1448 1447
1335 1348 1349 1449 1448
1336 1349 1350 1450 1449
1337 1350 1351 1451 1450
1338 1351 1352 1452 1451
1339 1352 1353 1453 1452
1340 1353 1354 1454 1453
1341 1354 1355 1455 1454
1342 1355 1356 1456 1455
1343 1356 1357 1457 1456
1344 1357 1358 1458 1457
1345 1358 1359 1459 1458
1346 1359 1360 1460 1459
1347 1360 1361 1461 1460
1348 1361 1362 1462 1461
1349 1362 1363 1463 1462
1350 1363 1364 1464 1463
1351 1364 1365 1465 1464
1352 1365 1366 1466 1465
1353 1366 1367 1467 1466
1354 1367 1368 1468 1467
1355 1368 1369 1469 1468
1356 1369 1370 1470 1469
1357 1370 1371 1471 1470
1358 1371 1372 1472 1471
1359 1372 1373 1473 1472
1360 1373 1374 1474 1473
1361 1374 1375 1475 1474
1362 1375 1376 1476 1475
1363 1376 1377 1477 1476
1364 1377 1378 1478 1477
1365 1378 1379 1479 1478
1366 1379 1380 1480 1479
1367 1380 1381 1481 1480
1368 1381 1382 1482 1481
1369 1382 1383 1483 1482
1370 1383 1384 1484 1483
1371 1384 1385 1485 1484
1372 1385 1386 1486 1485
1373 1386 1387 1487 1486
1374 1387 1388 1488 1487
1375 1388 1389 1489 1488
1376 1389 1390 1490 1489
1377 1390 1391 1491 1490
1378 1391 1392 1492 1491
1379 1392 1393 1493 1492
1380 1393 1394 1494 1493
1381 1394 1395 1495 1494
1382 1395 1396 1496 1495
1383 1396 1397 1497 1496
1384 1397 1398 1498 1497
1385 1398 1399 1499 1498
1386 1399 1400 1500 1499
1387 1401 1402 1502 1501
1388 1402 1403 1503 1502
1389 1403 1404 1504 1503
1390 1404 1405 1505 1504
1391 1405 1406 1506 1505
1392 1406 1407 1507 1506
1393 1407 1408 1508 1507
1394 1408 1409 1509 1508
1395 1409 1410 1510 1509
1396 1410 1411 1511 1510
1397 1411 1412 1512 1511
1398 1412 1413 1513 1512
1399 1413 1414 1514 1513
1400 1414 1415 1515 1514
1401 1415 1416 1516 1515
1402 1416 1417 1517 1516
1403 1417 1418 1518 1517
1404 1418 1419 1519 1518
1405 1419 1420 1520 1519
1406 1420 1421 1521 1520
1407 1421 1422 1522 1521
1408 1422 1423 1523 1522
1409 1423 1424 1524 1523
1410 1424 1425 1525 1524
1411 1425 1426 1526 1525
1412 1426 1427 1527 1526
1413 1427 1428 1528 1527
1414 1428 1429 1529 1528
1415 1429 1430 1530 1529
1416 1430 1431 1531 1530
1417 1431 1432 1532 1531
1418 1432 1433 1533 1532
1419 1433 1434 1534 1533
1420 1434 1435 1535 1534
1421 1435 1436 1536 1535
1422 1436 1437 1537 1536
1423 1437 1438 1538 1537
1424 1438 1439 1539 1538
1425 1439 1440 1540 1539
1426 1440 1441 1541 1540
1427 1441 1442 1542 1541
1428 1442 1443 1543 1542
1429 1443 1444 1544 1543
1430 1444 1445 1545 1544
1431 1445 1446 1546 1545
1432 1446 1447 1547 1546
1433 1447 1448 1548 1547
1434 1448 1449 1549 1548
1435 1449 1450 1550 1549
1436 1450 1451 1551 1550
1437 1451 1452 1552 1551
1438 1452 1453 1553 1552
1439 1453 1454 1554 1553
1440 1454 1455 1555 1554
1441 1455 1456 1556 1555
1442 1456 1457 1557 1556
1443 1457 1458 1558 1557
1444 1458 1459 1559 1558
1445 1459 1460 1560 1559
1446 1460 1461 1561 1560
1447 1461 1462 1562 1561
1448 1462 1463 1563 1562
1449 1463 1464 1564 1563
1450 1464 1465 1565 1564
1451 1465 1466 1566 1565
1452 1466 1467 1567 1566
1453 1467 1468 1568 1567
1454 1468 1469 1569 1568
1455 1469 1470 1570 1569
1456 1470 1471 1571 1570
1457 1471 1472 1572 1571
1458 1472 1473 1573 1572
1459 1473 1474 1574 1573
1460 1474 1475 1575 1574
1461 1475 1476 1576 1575
1462 1476 1477 1577 1576
1463 1477 1478 1578 1577
1464 1478 1479 1579 1578
1465 1479 1480 1580 1579
1466 1480 1481 1581 1580
1467 1481 1482 1582 1581
1468 1482 1483 1583 1582
1469 1483 1484 1584 1583
1470 1484 1485 1585 1584
1471 1485 1486 1586 1585
1472 1486 1487 1587 1586
1473 1487 1488 1588 1587
1474 1488 1489 1589 1588
1475 1489 1490 1590 1589
1476 1490 1491 1591 1590
1477 1491 1492 1592 1591
1478 1492 1493 1593 1592
1479 1493 1494 1594 1593
1480 1494 1495 1595 1594
1481 1495 1496 1596 1595
1482 1496 1497 1597 1596
1483 1497 1498 1598 1597
1484 1498 1499 1599 1598
1485 1499 1500 1600 1599
1486 1501 1502 1602 1601
1487 1502 1503 1603 1602
1488 1503 1504 1604 1603
1489 1504 1505 1605 1604
1490 1505 1506 1606 1605
1491 1506 1507 1607 1606
1492 1507 1508 1608 1607
1493 1508 1509 1609 1608
1494 1509 1510 1610 1609
1495 1510 1511 1611 1610
1496 1511 1512 1612 1611
1497 1512 1513 1613 1612
1498 1513 1514 1614 1613
1499 1514 1515 1615 1614
1500 1515 1516 1616 1615
1501 1516 1517 1617 1616
1502 1517 1518 1618 1617
1503 1518 1519 1619 1618
1504 1519 1520 1620 1619
1505 1520 1521 1621 1620
1506 1521 1522 1622 1621
1507 1522 1523 1623 1622
1508 1523 1524 1624 1623
1509 1524 1525 1625 1624
1510 1525 1526 1626 1625
1511 1526 1527 1627 1626
1512 1527 1528 1628 1627
1513 1528 1529 1629 1628
1514 1529 1530 1630 1629
1515 1530 1531 1631 1630
1516 1531 1532 1632 1631
1517 1532 1533 1633 1632
1518 1533 1534 1634 1633
1519 1534 1535 1635 1634
1520 1535 1536 1636 1635
1521 1536 1537 1637 1636
1522 1537 1538 1638 1637
1523 1538 1539 1639 1638
1524 1539 1540 1640 1639
1525 1540 1541 1641 1640
1526 1541 1542 1642 1641
1527 1542 1543 1643 1642
1528 1543 1544 1644 1643
1529 1544 1545 1645 1644
1530 1545 1546 1646 1645
1531 1546 1547 1647 1646
1532 1547 1548 1648 1647
1533 1548 1549 1649 1648
1534 1549 1550 1650 1649
1535 1550 1551 1651 1650
1536 1551 1552 1652 1651
1537 1552 1553 1653 1652
1538 1553 1554 1654 1653
1539 1554 1555 1655 1654
1540 1555 1556 1656 1655
1541 1556 1557 1657 1656
1542 1557 1558 1658 1657
1543 1558 1559 1659 1658
1544 1559 1560 1660 1659
1545 1560 1561 1661 1660
1546 1561 1562 1662 1661
1547 1562 1563 1663 1662
1548 1563 1564 1664 1663
1549 1564 1565 1665 1664
1550 1565 1566 1666 1665
1551 1566 1567 1667 1666
1552 1567 1568 1668 1667
1553 1568 1569 1669 1668
1554 1569 1570 1670 1669
1555 1570 1571 1671 1670
1556 1571 1572 1672 1671
1557 1572 1573 1673 1672
1558 1573 1574 1674 1673
1559 1574 1575 1675 1674
1560 1575 1576 1676 1675
1561 1576 1577 1677 1676
1562 1577 1578 1678 1677
1563 1578 1579 1679 1678
1564 1579 1580 1680 1679
1565 1580 1581 1681 1680
1566 1581 1582 1682 1681
1567 1582 1583 1683 1682
1568 1583 1584 1684 1683
1569 1584 1585 1685 1684
1570 1585 1586 1686 1685
1571 1586 1587 1687 1686
1572 1587 1588 1688 1687
1573 1588 1589 1689 1688
1574 1589 1590 1690 1689
1575 1590 1591 1691 1690
1576 1591 1592 1692 1691
1577 1592 1593 1693 1692
1578 1593 1594 1694 1693
1579 1594 1595 1695 1694
1580 1595 1596 1696 1695
1581 1596 1597 1697 1696
1582 1597 1598 1698 1697
1583 1598 1599 1699 1698
1584 1599 1600 1700 1699
1585 1601 1602 1702 1701
1586 1602 1603 1703 1702
1587 1603 1604 1704 1703
1588 1604 1605 1705 1704
1589 1605 1606 1706 1705
1590 1606 1607 1707 1706
1591 1607 1608 1708 1707
1592 1608 1609 1709 1708
1593 1609 1610 1710 1709
1594 1610 1611 1711 1710
1595 1611 1612 1712 1711
1596 1612 1613 1713 1712
1597 1613 1614 1714 1713
1598 1614 1615 1715 1714
1599 1615 1616 1716 1715
1600 1616 1617 1717 1716
1601 1617 1618 1718 1717
1602 1618 1619 1719 1718
1603 1619 1620 1720 1719
1604 1620 1621 1721 1720
1605 1621 1622 1722 1721
1606 1622 1623 1723 1722
1607 1623 1624 1724 1723
1608 1624 1625 1725 1724
1609 1625 1626 1726 1725
1610 1626 1627 1727 1726
1611 1627 1628 1728 1727
1612 1628 1629 1729 1728
1613 1629 1630 1730 1729
1614 1630 1631 1731 1730
1615 1631 1632 1732 1731
1616 1632 1633 1733 1732
1617 1633 1634 1734 1733
1618 1634 1635 1735 1734
1619 1635 1636 1736 1735
1620 1636 1637 1737 1736
1621 1637 1638 1738 1737
1622 1638 1639 1739 1738
1623 1639 1640 1740 1739
1624 1640 1641 1741 1740
1625 1641 1642 1742 1741
1626 1642 1643 1743 1742
1627 1643 1644 1744 1743
1628 1644 1645 1745 1744
1629 1645 1646 1746 1745
1630 1646 1647 1747 1746
1631 1647 1648 1748 1747
1632 1648 1649 1749 1748
1633 1649 1650 1750 1749
1634 1650 1651 1751 1750
1635 1651 1652 1752 1751
1636 1652 1653 1753 1752
1637 1653 1654 1754 1753
1638 1654 1655 1755 1754
1639 1655 1656 1756 1755
1640 1656 1657 1757 1756
1641 1657 1658 1758 1757
1642 1658 1659 1759 1758
1643 1659 1660 1760 1759
1644 1660 1661 1761 1760
1645 1661 1662 1762 1761
1646 1662 1663 1763 1762
1647 1663 1664 1764 1763
1648 1664 1665 1765 1764
1649 1665 1666 1766 1765
1650 1666 1667 1767 1766
1651 1667 1668 1768 1767
1652 1668 1669 1769 1768
1653 1669 1670 1770 1769
1654 1670 1671 1771 1770
1655 1671 1672 1772 1771
1656 1672 1673 1773 1772
1657 1673 1674 1774 1773
1658 1674 1675 1775 1774
1659 1675 1676 1776 1775
1660 1676 1677 1777 1776
1661 1677 1678 1778 1777
1662 1678 1679 1779 1778
1663 1679 1680 1780 1779
1664 1680 1681 1781 1780
1665 1681 1682 1782 1781
1666 1682 1683 1783 1782
1667 1683 1684 1784 1783
1668 1684 1685 1785 1784
1669 1685 1686 1786 1785
1670 1686 1687 1787 1786
1671 1687 1688 1788 1787
1672 1688 1689 1789 1788
1673 1689 1690 1790 1789
1674 1690 1691 1791 1790
1675 1691 1692 1792 1791
1676 1692 1693 1793 1792
1677 1693 1694 1794 1793
1678 1694 1695 1795 1794
1679 1695 1696 1796 1795
1680 1696 1697 1797 1796
1681 1697 1698 1798 1797
1682 1698 1699 1799 1798
1683 1699 1700 1800 1799
1684 1701 1702 1802 1801
1685 1702 1703 1803 1802
1686 1703 1704 1804 1803
1687 1704 1705 1805 1804
1688 1705 1706 1806 1805
1689 1706 1707 1807 1806
1690 1707 1708 1808 1807
1691 1708 1709 1809 1808
1692 1709 1710 1810 1809
1693 1710 1711 1811 1810
1694 1711 1712 1812 1811
1695 1712 1713 1813 1812
1696 1713 1714 1814 1813
1697 1714 1715 1815 1814
1698 1715 1716 1816 1815
1699 1716 1717 1817 1816
1700 1717 1718 1818 1817
1701 1718 1719 1819 1818
1702 1719 1720 1820 1819
1703 1720 1721 1821 1820
1704 1721 1722 1822 1821
1705 1722 1723 1823 1822
1706 1723 1724 1824 1823
1707 1724 1725 1825 1824
1708 1725 1726 1826 1825
1709 1726 1727 1827 1826
1710 1727 1728 1828 1827
1711 1728 1729 1829 1828
1712 1729 1730 1830 1829
1713 1730 1731 1831 1830
1714 1731 1732 1832 1831
1715 1732 1733 1833 1832
1716 1733 1734 1834 1833
1717 1734 1735 1835 1834
1718 1735 1736 1836 1835
1719 1736 1737 1837 1836
1720 1737 1738 1838 1837
1721 1738 1739 1839 1838
1722 1739 1740 1840 1839
1723 1740 1741 1841 1840
1724 1741 1742 1842 1841
1725 1742 1743 1843 1842
1726 1743 1744 1844 1843
1727 1744 1745 1845 1844
1728 1745 1746 1846 1845
1729 1746 1747 1847 1846
1730 1747 1748 1848 1847
1731 1748 1749 1849 1848
1732 1749 1750 1850 1849
1733 1750 1751 1851 1850
1734 1751 1752 1852 1851
1735 1752 1753 1853 1852
1736 1753 1754 1854 1853
1737 1754 1755 1855 1854
1738 1755 1756 1856 1855
1739 1756 1757 1857 1856
1740 1757 1758 1858 1857
1741 1758 1759 1859 1858
1742 1759 1760 1860 1859
1743 1760 1761 1861 1860
1744 1761 1762 1862 1861
1745 1762 1763 1863 1862
1746 1763 1764 1864 1863
1747 1764 1765 1865 1864
1748 1765 1766 1866 1865
1749 1766 1767 1867 1866
1750 1767 1768 1868 1867
1751 1768 1769 1869 1868
1752 1769 1770 1870 1869
1753 1770 1771 1871 1870
1754 1771 1772 1872 1871
1755 1772 1773 1873 1872
1756 1773 1774 1874 1873
1757 1774 1775 1875 1874
1758 1775 1776 1876 1875
1759 1776 1777 1877 1876
1760 1777 1778 1878 1877
1761 1778 1779 1879 1878
1762 1779 1780 1880 1879
1763 1780 1781 1881 1880
1764 1781 1782 1882 1881
1765 1782 1783 1883 1882
1766 1783 1784 1884 1883
1767 1784 1785 1885 1884
1768 1785 1786 1886 1885
1769 1786 1787 1887 1886
1770 1787 1788 1888 1887
1771 1788 1789 1889 1888
1772 1789 1790 1890 1889
1773 1790 1791 1891 1890
1774 1791 1792 1892 1891
1775 1792 1793 1893 1892
1776 1793 1794 1894 1893
1777 1794 1795 1895 1894
1778 1795 1796 1896 1895
1779 1796 1797 1897 1896
1780 1797 1798 1898 1897
1781 1798 1799 1899 1898
1782 1799 1800 1900 1899
1783 1801 1802 1902 1901
1784 1802 1803 1903 1902
1785 1803 1804 1904 1903
1786 1804 1805 1905 1904
1787 1805 1806 1906 1905
1788 1806 1807 1907 1906
1789 1807 1808 1908 1907
1790 1808 1809 1909 1908
1791 1809 1810 1910 1909
1792 1810 1811 1911 1910
1793 1811 1812 1912 1911
1794 1812 1813 1913 1912
1795 1813 1814 1914 1913
1796 1814 1815 1915 1914
1797 1815 1816 1916 1915
1798 1816 1817 1917 1916
1799 1817 1818 1918 1917
1800 1818 1819 1919 1918
1801 1819 1820 1920 1919
1802 1820 1821 1921 1920
1803 1821 1822 1922 1921
1804 1822 1823 1923 1922
1805 1823 1824 1924 1923
1806 1824 1825 1925 1924
1807 1825 1826 1926 1925
1808 1826 1827 1927 1926
1809 1827 1828 1928 1927
1810 1828 1829 1929 1928
1811 1829 1830 1930 1929
1812 1830 1831 1931 1930
1813 1831 1832 1932 1931
1814 1832 1833 1933 1932
1815 1833 1834 1934 1933
1816 1834 1835 1935 1934
1817 1835 1836 1936 1935
1818 1836 1837 1937 1936
1819 1837 1838 1938 1937
1820 1838 1839 1939 1938
1821 1839 1840 1940 1939
1822 1840 1841 1941 1940
1823 1841 1842 1942 1941
1824 1842 1843 1943 1942
1825 1843 1844 1944 1943
1826 1844 1845 1945 1944
1827 1845 1846 1946 1945
1828 1846 1847 1947 1946
1829 1847 1848 1948 1947
1830 1848 1849 1949 1948
1831 1849 1850 1950 1949
1832 1850 1851 1951 1950
1833 1851 1852 1952 1951
1834 1852 1853 1953 1952
1835 1853 1854 1954 1953
1836 1854 1855 1955 1954
1837 1855 1856 1956 1955
1838 1856 1857 1957 1956
1839 1857 1858 1958 1957
1840 1858 1859 1959 1958
1841 1859 1860 1960 1959
1842 1860 1861 1961 1960
1843 1861 1862 1962 1961
1844 1862 1863 1963 1962
1845 1863 1864 1964 1963
1846 1864 1865 1965 1964
1847 1865 1866 1966 1965
1848 1866 1867 1967 1966
1849 1867 1868 1968 1967
1850 1868 1869 1969 1968
1851 1869 1870 1970 1969
1852 1870 1871 1971 1970
1853 1871 1872 1972 1971
1854 1872 1873 1973 1972
1855 1873 1874 1974 1973
1856 1874 1875 1975 1974
1857 1875 1876 1976 1975
1858 1876 1877 1977 1976
1859 1877 1878 1978 1977
1860 1878 1879 1979 1978
1861 1879 1880 1980 1979
1862 1880 1881 1981 1980
1863 1881 1882 1982 1981
1864 1882 1883 1983 1982
1865 1883 1884 1984 1983
1866 1884 1885 1985 1984
1867 1885 1886 1986 1985
1868 1886 1887 1987 1986
1869 1887 1888 1988 1987
1870 1888 1889 1989 1988
1871 1889 1890 1990 1989
1872 1890 1891 1991 1990
1873 1891 1892 1992 1991
1874 1892 1893 1993 1992
1875 1893 1894 1994 1993
1876 1894 1895 1995 1994
1877 1895 1896 1996 1995
1878 1896 1897 1997 1996
1879 1897 1898 1998 1997
1880 1898 1899 1999 1998
1881 1899 1900 2000 1999
