    1     1     1     0.0d0
    2     1     2     0.0d0
    3     1     3     0.0d0
    4     2     2     0.0d0
    5     2     3     0.0d0
    6     3     2     0.0d0
    7     3     3     0.0d0
    8     4     1     0.0d0
    9     4     3     0.0d0
   10     5     3     0.0d0
   11     6     3     0.0d0
   12     7     1     0.0d0
   13     7     3     0.0d0
   14     8     3     0.0d0
   15     9     3     0.0d0
   16    10     1     0.0d0
   17    10     2     0.0d0
   18    11     2     0.0d0
   19    12     2     0.0d0
   20    13     1     0.0d0
   21    16     1     0.0d0
   22    19     1     0.0d0
   23    19     2     0.0d0
   24    20     2     0.0d0
   25    21     2     0.0d0
   26    22     1     0.0d0
   27    25     1     0.0d0


===========================
[ID] [Node number] [Fixed direction] [Value]

[Fixed direction]: 1 = x-direction, 2 = y-direction, 3 = z-direction

