1 -1.0000000000 -0.1000000000 1.0000000000
2 -0.8027286154 -0.1011753730 1.0019723066
3 -0.6056947914 -0.1080983927 1.0035391659
4 -0.4084522577 -0.1210728683 1.0051605327
5 -0.2108449803 -0.1392898966 1.0068086820
6 -0.0127963363 -0.1619566338 1.0084016230
7 0.1857054115 -0.1881978810 1.0098507699
8 0.3846337500 -0.2171684975 1.0110887835
9 0.5839462980 -0.2480927989 1.0120704423
10 0.7836050549 -0.2802918842 1.0127337818
11 0.9835180073 -0.3131318321 1.0129324290
12 0.9868134473 -0.2931248562 1.0103492556
13 0.9901100667 -0.2731226574 1.0077724189
14 0.9934071542 -0.2531227616 1.0052004362
15 0.9967043304 -0.2331234580 1.0026320210
16 1.0000014831 -0.2131238139 1.0000654819
17 1.0032986424 -0.1931235365 0.9974988923
18 1.0065958348 -0.1731229209 0.9949303299
19 1.0098929374 -0.1531229037 0.9923581164
20 1.0131895544 -0.1331252055 0.9897809929
21 1.0164849509 -0.1131323136 0.9871975178
22 0.8163972032 -0.0802928530 0.9873940698
23 0.6160511171 -0.0480934845 0.9880605875
24 0.4153537395 -0.0171691489 0.9890363629
25 0.2142722825 0.0118014824 0.9902504777
26 0.0127698008 0.0380430430 0.9916642913
27 -0.1891791086 0.0607103914 0.9932240804
28 -0.3915653649 0.0789279574 0.9948500135
29 -0.5943155480 0.0919025783 0.9964608146
30 -0.7972755728 0.0988254446 0.9980256556
31 -1.0000000000 0.1000000000 1.0000000000
32 -1.0000000000 0.0800000000 1.0000000000
33 -1.0000000000 0.0600000000 1.0000000000
34 -1.0000000000 0.0400000000 1.0000000000
35 -1.0000000000 0.0200000000 1.0000000000
36 -1.0000000000 0.0000000000 1.0000000000
37 -1.0000000000 -0.0200000000 1.0000000000
38 -1.0000000000 -0.0400000000 1.0000000000
39 -1.0000000000 -0.0600000000 1.0000000000
40 -1.0000000000 -0.0800000000 1.0000000000
41 -0.8023051976 -0.0810657086 1.0016008043
42 -0.6046457027 -0.0880318024 1.0028465669
43 -0.4068409645 -0.1010038892 1.0041404605
44 -0.2087505416 -0.1192326396 1.0054582087
45 -0.0103037850 -0.1419091229 1.0067343484
46 0.1885075620 -0.1681606298 1.0078959711
47 0.3876628519 -0.1971407355 1.0088881464
48 0.5871284602 -0.2280739422 1.0096746248
49 0.7868736943 -0.2602781158 1.0102038646
50 -0.8017870095 -0.0609743501 1.0012118724
51 -0.6035339441 -0.0679810834 1.0021439293
52 -0.4051722526 -0.0809501876 1.0031125418
53 -0.2066023679 -0.0991884960 1.0041017478
54 -0.0077633366 -0.1218728210 1.0050623261
55 0.1913506946 -0.1481323331 1.0059373962
56 0.3907243595 -0.1771198286 1.0066844020
57 0.5903323829 -0.2080599089 1.0072757677
58 0.7901506885 -0.2402680526 1.0076712152
59 -0.8012155594 -0.0409058148 1.0008128488
60 -0.6023793375 -0.0479446992 1.0014337242
61 -0.4034681698 -0.0609117373 1.0020797353
62 -0.2044211696 -0.0791569133 1.0027418445
63 -0.0051936973 -0.1018471089 1.0033874134
64 0.1942185789 -0.1281123888 1.0039763274
65 0.3938052356 -0.1571052156 1.0044782568
66 0.5935488573 -0.1880501772 1.0048740032
67 0.7934322507 -0.2202613383 1.0051365020
68 -0.8006151976 -0.0208634276 1.0004075295
69 -0.6011984714 -0.0279226306 1.0007183041
70 -0.4017433434 -0.0408886161 1.0010435716
71 -0.2022209717 -0.0591378986 1.0013798239
72 -0.0026072998 -0.0818317550 1.0017106829
73 0.1971005453 -0.1081005281 1.0020136682
74 0.3968970260 -0.1370965849 1.0022704856
75 0.5967722074 -0.1680444571 1.0024701325
76 0.7967161601 -0.2002575465 1.0026005832
77 -0.8000020520 -0.0008490485 0.9999990957
78 -0.6000051948 -0.0079151633 1.0000002186
79 -0.4000088688 -0.0208808511 1.0000056393
80 -0.2000120910 -0.0391315284 1.0000167533
81 -0.0000132520 -0.0618266656 1.0000330565
82 0.1999889003 -0.0880966276 1.0000502378
83 0.3999937369 -0.1170937729 1.0000619305
84 0.5999986043 -0.1480426104 1.0000651855
85 0.8000010575 -0.1802563758 1.0000641276
86 -0.7993889068 0.0191367324 0.9995906517
87 -0.5988119150 0.0120775664 0.9992821146
88 -0.3982743889 -0.0008884475 0.9989676764
89 -0.1978032090 -0.0191378353 0.9986536524
90 0.0025807895 -0.0418318155 0.9983554212
91 0.2028772468 -0.0681006528 0.9980868403
92 0.4030904493 -0.0970967259 0.9978534307
93 0.6032250137 -0.1280445979 0.9976602663
94 0.8032859660 -0.1602577212 0.9975276543
95 -0.7987885469 0.0390945061 0.9991853022
96 -0.5976310401 0.0320556943 0.9985666394
97 -0.3965495466 0.0190885990 0.9979314217
98 -0.1956030062 0.0008432124 0.9972915411
99 0.0051671702 -0.0218472301 0.9966786644
100 0.2057591895 -0.0481126430 0.9961242809
101 0.4061822442 -0.0771054836 0.9956458057
102 0.6064483995 -0.1080504618 0.9952564809
103 0.8065699066 -0.1402616925 0.9949916836
104 -0.7982171046 0.0590261334 0.9987862296
105 -0.5964764207 0.0520195051 0.9978563432
106 -0.3948454382 0.0390503146 0.9968984656
107 -0.1934217956 0.0208116903 0.9959314867
108 0.0077367888 -0.0018730055 0.9950037122
109 0.2086270414 -0.0281327157 0.9941633660
110 0.4092631262 -0.0571202330 0.9934399294
111 0.6096649264 -0.0880603331 0.9928548465
112 0.8098515121 -0.1202685972 0.9924568889
113 -0.7976989385 0.0789349401 0.9983972325
114 -0.5953646485 0.0719689789 0.9971535786
115 -0.3931766930 0.0589967764 0.9958703419
116 -0.1912735966 0.0407676023 0.9945748171
117 0.0102772274 0.0180906262 0.9933316360
118 0.2114701410 -0.0081611425 0.9922050043
119 0.4123246386 -0.0371412673 0.9912365514
120 0.6128689098 -0.0680745029 0.9904561705
121 0.8131285463 -0.1002788643 0.9899241285
122 0.9806261600 -0.4533252587 0.0132496621
123 0.9806465821 -0.4400048615 0.1133280426
124 0.9808754047 -0.4262397977 0.2135273176
125 0.9812021576 -0.4119816894 0.3137759002
126 0.9815465697 -0.3973820681 0.4139474971
127 0.9819232903 -0.3826012505 0.5139542505
128 0.9823435334 -0.3678899894 0.6137872453
129 0.9827687566 -0.3534947074 0.7135089409
130 0.9831530334 -0.3395597862 0.8132179367
131 0.9834326038 -0.3261344619 0.9130121968
132 -1.0000000000 -0.1000000000 0.9000000000
133 -1.0000000000 -0.1000000000 0.8000000000
134 -1.0000000000 -0.1000000000 0.7000000000
135 -1.0000000000 -0.1000000000 0.6000000000
136 -1.0000000000 -0.1000000000 0.5000000000
137 -1.0000000000 -0.1000000000 0.4000000000
138 -1.0000000000 -0.1000000000 0.3000000000
139 -1.0000000000 -0.1000000000 0.2000000000
140 -1.0000000000 -0.1000000000 0.1000000000
141 -1.0000000000 -0.1000000000 0.0000000000
142 -0.8066065934 -0.1094346149 -0.0001865399
143 -0.6118148801 -0.1306595525 0.0012926783
144 -0.4158555200 -0.1615668498 0.0030860086
145 -0.2187822231 -0.1995400423 0.0051362931
146 -0.0206051227 -0.2422633026 0.0071301526
147 0.1787367899 -0.2871052708 0.0086523146
148 0.3791984139 -0.3316542274 0.0099037455
149 0.5800365589 -0.3738433520 0.0115764319
150 0.7805043449 -0.4141258176 0.0128388008
151 0.7805466975 -0.4012188158 0.1129501046
152 0.7808701386 -0.3880263568 0.2132242164
153 0.7812027125 -0.3744613503 0.3135585322
154 0.7815226233 -0.3604891597 0.4137739150
155 0.7819095760 -0.3463960340 0.5137737740
156 0.7823428813 -0.3324926444 0.6135838816
157 0.7827864046 -0.3189350869 0.7132932907
158 0.7831974239 -0.3057744428 0.8130013401
159 0.7835200419 -0.2929512901 0.9128040241
160 0.5801041497 -0.3621343251 0.1117495814
161 0.5807402084 -0.3500882213 0.2122753619
162 0.5810372876 -0.3370235903 0.3128703155
163 0.5814312671 -0.3234594512 0.4131091558
164 0.5819070546 -0.3100856076 0.5130037509
165 0.5824247989 -0.2970407665 0.6127396559
166 0.5829483455 -0.2843909364 0.7124387694
167 0.5834412637 -0.2721014285 0.8121946230
168 0.5838559111 -0.2600605243 0.9120743977
169 0.3793129935 -0.3214055970 0.1100041400
170 0.3799222542 -0.3118403173 0.2109888555
171 0.3806061352 -0.2987318219 0.3120149222
172 0.3813111448 -0.2860423395 0.4121081512
173 0.3820189591 -0.2736899674 0.5118877311
174 0.3827141419 -0.2617941262 0.6115764183
175 0.3833807268 -0.2503072470 0.7112931540
176 0.3839998208 -0.2391344375 0.8111026261
177 0.3845253238 -0.2281420647 0.9110415324
178 0.1788961170 -0.2782509822 0.1088932490
179 0.1794633784 -0.2690129204 0.2094458327
180 0.1805277072 -0.2587726087 0.3100320401
181 0.1815463850 -0.2480645727 0.4102656122
182 0.1824934255 -0.2375489612 0.5101904399
183 0.1833756388 -0.2273073496 0.6100055822
184 0.1841943375 -0.2173459632 0.7098277384
185 0.1849433378 -0.2075895675 0.8097283422
186 0.1855761953 -0.1979197905 0.9097433418
187 -0.0204240066 -0.2349304281 0.1073525242
188 -0.0195840202 -0.2272774473 0.2076440604
189 -0.0185680228 -0.2193422014 0.3079385310
190 -0.0174746704 -0.2111048180 0.4081310034
191 -0.0164254429 -0.2027722316 0.5081793573
192 -0.0154347008 -0.1945289398 0.6081398018
193 -0.0145090370 -0.1863971474 0.7080982726
194 -0.0136603213 -0.1783237584 0.8081162226
195 -0.0129429009 -0.1702127669 0.9082244170
196 -0.2185953309 -0.1942237836 0.1054192264
197 -0.2177093913 -0.1886324489 0.2056798411
198 -0.2167175113 -0.1828076188 0.3058857370
199 -0.2156812953 -0.1768316524 0.4060248606
200 -0.2146398703 -0.1707626929 0.5061040480
201 -0.2136289776 -0.1646592997 0.6061550858
202 -0.2126649230 -0.1585301374 0.7062253003
203 -0.2117678865 -0.1523170154 0.8063549217
204 -0.2110030589 -0.1459307562 0.9065590585
205 -0.4156993950 -0.1582637317 0.1034699507
206 -0.4148955204 -0.1546511146 0.2037580882
207 -0.4139944342 -0.1508532372 0.3039383706
208 -0.4130622803 -0.1469594324 0.4040465671
209 -0.4121179913 -0.1430130023 0.5041240410
210 -0.4111777730 -0.1390098522 0.6042116861
211 -0.4102569463 -0.1349052664 0.7043477061
212 -0.4093779012 -0.1306136256 0.8045587912
213 -0.4086136339 -0.1260270275 0.9048437900
214 -0.6117032074 -0.1291108887 0.1017505967
215 -0.6110577061 -0.1272119343 0.2020851022
216 -0.6103398622 -0.1251739293 0.3022568788
217 -0.6095949699 -0.1230966424 0.4023372442
218 -0.6088380351 -0.1210052032 0.5023946725
219 -0.6080734989 -0.1188750034 0.6024771136
220 -0.6073030607 -0.1166412622 0.7026207008
221 -0.6065340194 -0.1141938263 0.8028532652
222 -0.6058356925 -0.1113861118 0.9031806847
223 -0.8065140258 -0.1091773957 0.1005065688
224 -0.8061419570 -0.1085499508 0.2008774345
225 -0.8057086387 -0.1078361215 0.3010105083
226 -0.8052604586 -0.1071188739 0.4010554073
227 -0.8048062799 -0.1064094317 0.5010847193
228 -0.8043439236 -0.1056870866 0.6011345675
229 -0.8038639822 -0.1049096100 0.7012291922
230 -0.8033576395 -0.1040038179 0.8013897771
231 -0.8028176570 -0.1028213232 0.9016378695
232 -1.0000000000 0.1000000000 0.9000000000
233 -1.0000000000 0.1000000000 0.8000000000
234 -1.0000000000 0.1000000000 0.7000000000
235 -1.0000000000 0.1000000000 0.6000000000
236 -1.0000000000 0.1000000000 0.5000000000
237 -1.0000000000 0.1000000000 0.4000000000
238 -1.0000000000 0.1000000000 0.3000000000
239 -1.0000000000 0.1000000000 0.2000000000
240 -1.0000000000 0.1000000000 0.1000000000
241 -1.0000000000 0.1000000000 0.0000000000
242 -1.0000000000 0.0800000000 0.0000000000
243 -1.0000000000 0.0600000000 0.0000000000
244 -1.0000000000 0.0400000000 0.0000000000
245 -1.0000000000 0.0200000000 0.0000000000
246 -1.0000000000 0.0000000000 0.0000000000
247 -1.0000000000 -0.0200000000 0.0000000000
248 -1.0000000000 -0.0400000000 0.0000000000
249 -1.0000000000 -0.0600000000 0.0000000000
250 -1.0000000000 -0.0800000000 0.0000000000
251 -1.0000000000 -0.0800000000 0.1000000000
252 -1.0000000000 -0.0800000000 0.2000000000
253 -1.0000000000 -0.0800000000 0.3000000000
254 -1.0000000000 -0.0800000000 0.4000000000
255 -1.0000000000 -0.0800000000 0.5000000000
256 -1.0000000000 -0.0800000000 0.6000000000
257 -1.0000000000 -0.0800000000 0.7000000000
258 -1.0000000000 -0.0800000000 0.8000000000
259 -1.0000000000 -0.0800000000 0.9000000000
260 -1.0000000000 -0.0600000000 0.1000000000
261 -1.0000000000 -0.0600000000 0.2000000000
262 -1.0000000000 -0.0600000000 0.3000000000
263 -1.0000000000 -0.0600000000 0.4000000000
264 -1.0000000000 -0.0600000000 0.5000000000
265 -1.0000000000 -0.0600000000 0.6000000000
266 -1.0000000000 -0.0600000000 0.7000000000
267 -1.0000000000 -0.0600000000 0.8000000000
268 -1.0000000000 -0.0600000000 0.9000000000
269 -1.0000000000 -0.0400000000 0.1000000000
270 -1.0000000000 -0.0400000000 0.2000000000
271 -1.0000000000 -0.0400000000 0.3000000000
272 -1.0000000000 -0.0400000000 0.4000000000
273 -1.0000000000 -0.0400000000 0.5000000000
274 -1.0000000000 -0.0400000000 0.6000000000
275 -1.0000000000 -0.0400000000 0.7000000000
276 -1.0000000000 -0.0400000000 0.8000000000
277 -1.0000000000 -0.0400000000 0.9000000000
278 -1.0000000000 -0.0200000000 0.1000000000
279 -1.0000000000 -0.0200000000 0.2000000000
280 -1.0000000000 -0.0200000000 0.3000000000
281 -1.0000000000 -0.0200000000 0.4000000000
282 -1.0000000000 -0.0200000000 0.5000000000
283 -1.0000000000 -0.0200000000 0.6000000000
284 -1.0000000000 -0.0200000000 0.7000000000
285 -1.0000000000 -0.0200000000 0.8000000000
286 -1.0000000000 -0.0200000000 0.9000000000
287 -1.0000000000 0.0000000000 0.1000000000
288 -1.0000000000 0.0000000000 0.2000000000
289 -1.0000000000 0.0000000000 0.3000000000
290 -1.0000000000 0.0000000000 0.4000000000
291 -1.0000000000 0.0000000000 0.5000000000
292 -1.0000000000 0.0000000000 0.6000000000
293 -1.0000000000 0.0000000000 0.7000000000
294 -1.0000000000 0.0000000000 0.8000000000
295 -1.0000000000 0.0000000000 0.9000000000
296 -1.0000000000 0.0200000000 0.1000000000
297 -1.0000000000 0.0200000000 0.2000000000
298 -1.0000000000 0.0200000000 0.3000000000
299 -1.0000000000 0.0200000000 0.4000000000
300 -1.0000000000 0.0200000000 0.5000000000
301 -1.0000000000 0.0200000000 0.6000000000
302 -1.0000000000 0.0200000000 0.7000000000
303 -1.0000000000 0.0200000000 0.8000000000
304 -1.0000000000 0.0200000000 0.9000000000
305 -1.0000000000 0.0400000000 0.1000000000
306 -1.0000000000 0.0400000000 0.2000000000
307 -1.0000000000 0.0400000000 0.3000000000
308 -1.0000000000 0.0400000000 0.4000000000
309 -1.0000000000 0.0400000000 0.5000000000
310 -1.0000000000 0.0400000000 0.6000000000
311 -1.0000000000 0.0400000000 0.7000000000
312 -1.0000000000 0.0400000000 0.8000000000
313 -1.0000000000 0.0400000000 0.9000000000
314 -1.0000000000 0.0600000000 0.1000000000
315 -1.0000000000 0.0600000000 0.2000000000
316 -1.0000000000 0.0600000000 0.3000000000
317 -1.0000000000 0.0600000000 0.4000000000
318 -1.0000000000 0.0600000000 0.5000000000
319 -1.0000000000 0.0600000000 0.6000000000
320 -1.0000000000 0.0600000000 0.7000000000
321 -1.0000000000 0.0600000000 0.8000000000
322 -1.0000000000 0.0600000000 0.9000000000
323 -1.0000000000 0.0800000000 0.1000000000
324 -1.0000000000 0.0800000000 0.2000000000
325 -1.0000000000 0.0800000000 0.3000000000
326 -1.0000000000 0.0800000000 0.4000000000
327 -1.0000000000 0.0800000000 0.5000000000
328 -1.0000000000 0.0800000000 0.6000000000
329 -1.0000000000 0.0800000000 0.7000000000
330 -1.0000000000 0.0800000000 0.8000000000
331 -1.0000000000 0.0800000000 0.9000000000
332 1.0165735621 -0.1261369746 0.8871159488
333 1.0168600879 -0.1395676585 0.7869034868
334 1.0172527013 -0.1535114465 0.6865964492
335 1.0176813775 -0.1679153724 0.5862916636
336 1.0180867614 -0.1826201584 0.4860969055
337 1.0184429899 -0.1973711244 0.3860961613
338 1.0188014568 -0.2119801407 0.2862755847
339 1.0191080498 -0.2261599098 0.1865662464
340 1.0194991762 -0.2399985332 0.0868112697
341 1.0196274725 -0.2532811840 -0.0130886065
342 0.8197626309 -0.2141468212 -0.0129089885
343 0.6203357313 -0.1739058753 -0.0121737718
344 0.4208642967 -0.1314302560 -0.0113214563
345 0.2210232798 -0.0871638523 -0.0092742832
346 0.0204927930 -0.0422764365 -0.0072706831
347 -0.1812847865 0.0004843767 -0.0051721834
348 -0.3841800171 0.0384356652 -0.0030910863
349 -0.5882012659 0.0693433895 -0.0012881252
350 -0.7933994043 0.0905667689 0.0001908146
351 -0.7934904182 0.0908238382 0.0994983697
352 -0.7938585330 0.0914510172 0.1991269412
353 -0.7942884795 0.0921646731 0.2989919656
354 -0.7947353795 0.0928815185 0.3989446920
355 -0.7951898640 0.0935905762 0.4989134181
356 -0.7956535459 0.0943126758 0.5988623956
357 -0.7961352376 0.0950902035 0.6987673786
358 -0.7966435171 0.0959962547 0.7986069319
359 -0.7971855002 0.0971791129 0.8983593555
360 -0.5883068812 0.0708908204 0.0982540918
361 -0.5889411971 0.0727901016 0.1979178493
362 -0.5896524079 0.0748271335 0.2977429005
363 -0.5903946950 0.0769037183 0.3976596560
364 -0.5911533914 0.0789939723 0.4976007377
365 -0.5919212246 0.0811237652 0.5975185362
366 -0.5926953871 0.0833575707 0.6973760231
367 -0.5934683979 0.0858055003 0.7971447490
368 -0.5941708964 0.0886139632 0.8968184028
369 -0.3843158615 0.0417407688 0.0965251626
370 -0.3851022975 0.0453483004 0.1962338643
371 -0.3859873542 0.0491475330 0.2960500372
372 -0.3869203890 0.0530366349 0.3959408956
373 -0.3878688305 0.0569827922 0.4958670520
374 -0.3888148994 0.0609852619 0.5957845151
375 -0.3897416677 0.0650905880 0.6956541626
376 -0.3906261873 0.0693840230 0.7954475786
377 -0.3913965400 0.0739723484 0.8951652797
378 -0.1814324311 0.0057705322 0.0945436126
379 -0.1822559596 0.0113814287 0.1942778652
380 -0.1832567801 0.0171743040 0.2940724561
381 -0.1842910078 0.0231605113 0.3939467296
382 -0.1853436206 0.0292218454 0.4938817211
383 -0.1863660246 0.0353274905 0.5938489388
384 -0.1873362490 0.0414620151 0.6937931411
385 -0.1882385075 0.0476790941 0.7936720688
386 -0.1890100968 0.0540679261 0.8934720153
387 0.0204371459 -0.0348827474 0.0924950377
388 0.0195536998 -0.0274268278 0.1922201458
389 0.0186345968 -0.0193298690 0.2919698768
390 0.0175070049 -0.0111718721 0.3918119246
391 0.0164251288 -0.0028090803 0.4918240526
392 0.0154309677 0.0054566883 0.5919016444
393 0.0145037992 0.0135971171 0.6919592845
394 0.0136523189 0.0216739509 0.7919471867
395 0.0129288480 0.0297863823 0.8918409912
396 0.2211552417 -0.0786459458 0.0906532358
397 0.2208959804 -0.0683136584 0.1902405029
398 0.2195236019 -0.0591654349 0.2897999878
399 0.2184035818 -0.0481047324 0.3898006547
400 0.2174884623 -0.0375367104 0.4899447426
401 0.2166166808 -0.0272969627 0.5901240846
402 0.2158015219 -0.0173397913 0.6902879485
403 0.2150507804 -0.0075863389 0.7903790096
404 0.2144124641 0.0020811719 0.8903598457
405 0.4207392727 -0.1209826498 0.0886620471
406 0.4201157404 -0.1173914053 0.1885746657
407 0.4194195654 -0.0982097698 0.2884642586
408 0.4187068600 -0.0857878860 0.3883423726
409 0.4179946276 -0.0735959513 0.4884117116
410 0.4172961269 -0.0617594358 0.5886227497
411 0.4166255939 -0.0502917878 0.6888628935
412 0.4160012962 -0.0391275704 0.7890340269
413 0.4154693762 -0.0281399067 0.8890870488
414 0.6199503870 -0.1625325091 0.0878231717
415 0.6189719897 -0.1493877585 0.1874399950
416 0.6189593721 -0.1374177934 0.2869935813
417 0.6186525915 -0.1234989005 0.3869910979
418 0.6181379792 -0.1100722313 0.4871650237
419 0.6176042424 -0.0970294492 0.5874223345
420 0.6170695398 -0.0843843456 0.6877079073
421 0.6165676990 -0.0720982365 0.7879429154
422 0.6161453807 -0.0600597571 0.8880586674
423 0.8195446274 -0.2011672925 0.0869648041
424 0.8192280813 -0.1881826381 0.1867092021
425 0.8187650508 -0.1744406800 0.2864204889
426 0.8184733962 -0.1605530464 0.3862359203
427 0.8181184276 -0.1464306490 0.4862931694
428 0.8176860313 -0.1325066242 0.5865175471
429 0.8172357824 -0.1189420415 0.6868230796
430 0.8168154470 -0.1057783064 0.7871218970
431 0.8164852157 -0.0929532195 0.8873226289
432 1.0157291079 -0.2732939675 -0.0104496364
433 1.0118304797 -0.2933012043 -0.0078088706
434 1.0079325025 -0.3133070068 -0.0051737758
435 1.0040339233 -0.3333124764 -0.0025440105
436 1.0001343030 -0.3533180040 0.0000824500
437 0.9962337186 -0.3733235669 0.0027081184
438 0.9923323697 -0.3933286565 0.0053355780
439 0.9884304007 -0.4133321209 0.0079671352
440 0.9845279882 -0.4333319552 0.0106045452
441 0.8158260883 -0.2341663969 -0.0103225508
442 0.8119019979 -0.2541803179 -0.0077519762
443 0.8079823721 -0.2741867680 -0.0051811790
444 0.8040648799 -0.2941878282 -0.0026086997
445 0.8001479340 -0.3141852586 -0.0000349080
446 0.7962300896 -0.3341799614 0.0025397831
447 0.7923098170 -0.3541720900 0.0051149696
448 0.7883850307 -0.3741611892 0.0076901811
449 0.7844521903 -0.3941462594 0.0102648791
450 0.6162361008 -0.1939428417 -0.0099025938
451 0.6121823049 -0.2139549284 -0.0075480412
452 0.6081621449 -0.2339622980 -0.0051670250
453 0.6041613047 -0.2539668328 -0.0027695394
454 0.6001687875 -0.2739668377 -0.0003609745
455 0.5961761556 -0.2939603284 0.0020514233
456 0.5921759263 -0.3139456421 0.0044588919
457 0.5881600084 -0.3339215330 0.0068525791
458 0.5841181341 -0.3538873355 0.0092256424
459 0.4165706060 -0.1514071933 -0.0090982045
460 0.4123666595 -0.1715101353 -0.0071222044
461 0.4082234894 -0.1916170125 -0.0050990063
462 0.4041182070 -0.2116972461 -0.0029940330
463 0.4000311652 -0.2317460933 -0.0008312561
464 0.3959441355 -0.2517655085 0.0013570690
465 0.3918388929 -0.2717588403 0.0035409217
466 0.3876957999 -0.2917302548 0.0056949898
467 0.3834919716 -0.3116877695 0.0078059427
468 0.2166144003 -0.1071801730 -0.0075811455
469 0.2123360655 -0.1271766386 -0.0058077238
470 0.2081436929 -0.1471730633 -0.0040099464
471 0.2040065624 -0.1671712157 -0.0021971225
472 0.1998970059 -0.1871693574 -0.0003739143
473 0.1957875717 -0.2071654896 0.0014531861
474 0.1916498577 -0.2271579598 0.0032761732
475 0.1874533115 -0.2471455733 0.0050869287
476 0.1831632448 -0.2671277999 0.0068792856
477 0.0161563706 -0.0622506352 -0.0058132821
478 0.0119750146 -0.0822304832 -0.0043758080
479 0.0079029848 -0.1022134738 -0.0029411520
480 0.0039000596 -0.1222010895 -0.0015064792
481 -0.0000691046 -0.1421947166 -0.0000712049
482 -0.0040375378 -0.1621951108 0.0013649598
483 -0.0080381471 -0.1822024956 0.0028023303
484 -0.0121056950 -0.2022166870 0.0042414497
485 -0.0162791545 -0.2222371683 0.0056833577
486 -0.1852600395 -0.0194577868 -0.0041378362
487 -0.1890783796 -0.0394134260 -0.0031054597
488 -0.1927878604 -0.0593829824 -0.0020756194
489 -0.1964280896 -0.0793660860 -0.0010475451
490 -0.2000344925 -0.0993624478 -0.0000203817
491 -0.2036406058 -0.1193719324 0.0010067186
492 -0.2072800258 -0.1393944908 0.0020346184
493 -0.2109884764 -0.1594300848 0.0030642448
494 -0.2148063599 -0.1794786161 0.0040969253
495 -0.3875692080 0.0185328246 -0.0024624430
496 -0.3908014120 -0.0013949358 -0.0018422879
497 -0.3939278293 -0.0213444608 -0.0012269816
498 -0.3969881248 -0.0413145838 -0.0006144301
499 -0.4000164615 -0.0613048426 -0.0000030939
500 -0.4030448674 -0.0813150922 0.0006083240
501 -0.4061054073 -0.1013454301 0.0012211325
502 -0.4092323131 -0.1213963340 0.0018369030
503 -0.4124652389 -0.1414690939 0.0024576703
504 -0.5907543905 0.0494531620 -0.0010170114
505 -0.5931800166 0.0295411773 -0.0007583451
506 -0.5955091952 0.0096054274 -0.0005036999
507 -0.5977744914 -0.0103556041 -0.0002505379
508 -0.6000081139 -0.0303427090 0.0000020940
509 -0.6022417583 -0.0503561334 0.0002547382
510 -0.6045071039 -0.0703956560 0.0005079306
511 -0.6068363189 -0.0904604965 0.0007626039
512 -0.6092619317 -0.1105491227 0.0010212868
513 -0.7949362311 0.0707898065 0.0001827029
514 -0.7963142458 0.0509493143 0.0001572711
515 -0.7975923684 0.0310559779 0.0001155806
516 -0.7988113889 0.0111171059 0.0000619424
517 -0.8000028239 -0.0088630742 0.0000020736
518 -0.8011942612 -0.0288831807 -0.0000577888
519 -0.8024132942 -0.0489445916 -0.0001114075
520 -0.8036914560 -0.0690515328 -0.0001530611
521 -0.8050695611 -0.0892113163 -0.0001784352
522 0.9845263409 -0.4200231953 0.1106407183
523 0.9884090049 -0.4000338522 0.1079765044
524 0.9922940304 -0.3800393083 0.1053298372
525 0.9961804890 -0.3600409814 0.1026946175
526 1.0000674046 -0.3400397158 0.1000651787
527 1.0039538343 -0.3200360064 0.0974362803
528 1.0078389392 -0.3000300850 0.0948029640
529 1.0117222613 -0.2800219395 0.0921601535
530 1.0156052841 -0.2600113967 0.0895011148
531 0.9847009903 -0.4062719186 0.2107574011
532 0.9885289791 -0.3862919603 0.2080407730
533 0.9923576199 -0.3663043651 0.2053582127
534 0.9961872647 -0.3463110495 0.2026964371
535 1.0000183186 -0.3263126831 0.2000446820
536 1.0038511824 -0.3063090144 0.1973931983
537 1.0076862328 -0.2862985743 0.1947322064
538 1.0115219701 -0.2662776141 0.1920508062
539 1.0153465527 -0.2462376093 0.1893353848
540 0.9849597043 -0.3920121243 0.3109290337
541 0.9887180456 -0.3720337673 0.3081506449
542 0.9924776030 -0.3520477306 0.3054187125
543 0.9962381170 -0.3320549905 0.3027155424
544 0.9999989182 -0.3120561980 0.3000261047
545 1.0037591323 -0.2920516930 0.2973364405
546 1.0075179221 -0.2720415643 0.2946323762
547 1.0112749704 -0.2520257950 0.2918984484
548 1.0150322579 -0.2320047102 0.2891175588
549 0.9852353290 -0.3773954969 0.4110513940
550 0.9889260788 -0.3574044811 0.4082323133
551 0.9926179884 -0.3374100554 0.4054664254
552 0.9963105265 -0.3174127478 0.4027341111
553 1.0000031192 -0.2974128085 0.4000181469
554 1.0036950956 -0.2774102886 0.3973024489
555 1.0073857260 -0.2574051106 0.3945709983
556 1.0110743381 -0.2373971426 0.3918068399
557 1.0147604296 -0.2173861522 0.3889907890
558 0.9855412278 -0.3625895537 0.5110499091
559 0.9891585788 -0.3425804562 0.5082289902
560 0.9927753901 -0.3225744383 0.5054647261
561 0.9963917686 -0.3025716958 0.5027357732
562 1.0000078584 -0.2825722753 0.5000237718
563 1.0036238000 -0.2625761335 0.4973117062
564 1.0072396846 -0.2425831442 0.4945826591
565 1.0108555049 -0.2225930627 0.4918185273
566 1.0144711446 -0.2026054840 0.4889982490
567 0.9858799759 -0.3478576958 0.6109226760
568 0.9894147126 -0.3278340131 0.6081398550
569 0.9929478667 -0.3078182706 0.6054120624
570 0.9964798576 -0.2878100337 0.6027183279
571 1.0000112787 -0.2678090414 0.6000408237
572 1.0035428036 -0.2478152075 0.5973631589
573 1.0070750998 -0.2278286188 0.5946689634
574 1.0106087505 -0.2078495234 0.5919404844
575 1.0141441707 -0.1878783173 0.5891569976
576 0.9862214323 -0.3334537763 0.7107185991
577 0.9896714351 -0.3134246188 0.7079992923
578 0.9931189930 -0.2934055070 0.7053272825
579 0.9965647359 -0.2733951900 0.7026841368
580 1.0000095578 -0.2533929425 0.7000546445
581 1.0034544808 -0.2333985315 0.6974250343
582 1.0069005235 -0.2134121979 0.6947815212
583 1.0103485676 -0.1934346678 0.6921088516
584 1.0137992154 -0.1734671675 0.6893884465
585 0.9865293589 -0.3195248046 0.8105159042
586 0.9899023738 -0.2995016827 0.8078655970
587 0.9932722416 -0.2794871833 0.8052481491
588 0.9966397537 -0.2594794388 0.8026504800
589 1.0000060400 -0.2394774738 0.8000621167
590 1.0033723766 -0.2194809848 0.7974736695
591 1.0067400357 -0.1994902768 0.7948757349
592 1.0101101354 -0.1795063305 0.7922577948
593 1.0134834482 -0.1595310367 0.7896067091
594 0.9867517846 -0.3061157425 0.9103905924
595 0.9900675585 -0.2861043957 0.9077909144
596 0.9933807746 -0.2660977676 0.9052071935
597 0.9966923022 -0.2460943866 0.9026335990
598 1.0000029979 -0.2260935012 0.9000648835
599 1.0033137067 -0.2060948795 0.8974961071
600 1.0066252708 -0.1860987519 0.8949223276
601 1.0099385382 -0.1661058727 0.8923382927
602 1.0132543602 -0.1461177209 0.8897381586
603 -0.8022578736 -0.0827026298 0.9013415929
604 -0.6046733318 -0.0913151191 0.9025644675
605 -0.4068799016 -0.1059560434 0.9038856787
606 -0.2087887822 -0.1258701705 0.9052554466
607 -0.0103384538 -0.1501601408 0.9065887828
608 0.1884768932 -0.1778755515 0.9078067475
609 0.3876357890 -0.2081060276 0.9088481067
610 0.5871001288 -0.2400319641 0.9096769072
611 0.7868269711 -0.2729259189 0.9102584194
612 -0.8016985784 -0.0626088649 0.9010248696
613 -0.6035101241 -0.0712586736 0.9019367846
614 -0.4051577290 -0.0859012261 0.9029223834
615 -0.2065871053 -0.1058231047 0.9039493381
616 -0.0077482300 -0.1301197295 0.9049518873
617 0.1913639142 -0.1578416209 0.9058692114
618 0.3907336687 -0.1880785457 0.9066533355
619 0.5903324821 -0.2200100656 0.9072768056
620 0.7901261679 -0.2529069940 0.9077097148
621 -0.8011358326 -0.0425411220 0.9006917377
622 -0.6023438253 -0.0512177831 0.9012979627
623 -0.4034395464 -0.0658622771 0.9019534491
624 -0.2043914647 -0.0857895707 0.9026401804
625 -0.0051650636 -0.1100911463 0.9033133048
626 0.1942437376 -0.1378176551 0.9039305604
627 0.3938245799 -0.1680591991 0.9044574070
628 0.5935581072 -0.1999946364 0.9048745230
629 0.7934205591 -0.2328940884 0.9051605975
630 -0.8005696693 -0.0225001603 0.9003478590
631 -0.6011744820 -0.0311930250 0.9006509877
632 -0.4017223330 -0.0458390054 0.9009803065
633 -0.2021985262 -0.0657695241 0.9013287131
634 -0.0025852850 -0.0900741288 0.9016734356
635 0.1971199059 -0.1178033625 0.9019910805
636 0.3969117721 -0.1480476370 0.9022606630
637 0.5967800558 -0.1799854575 0.9024707106
638 0.7967121277 -0.2128866731 0.9026119345
639 -0.8000015690 -0.0024864295 0.8999987100
640 -0.6000033622 -0.0111847301 0.8999997631
641 -0.4000051818 -0.0258313012 0.9000049400
642 -0.2000065979 -0.0457629300 0.9000160189
643 -0.0000068765 -0.0700685275 0.9000328863
644 0.1999945300 -0.0977985540 0.9000511817
645 0.3999973405 -0.1280436568 0.9000635001
646 0.6000003772 -0.1599823671 0.9000661294
647 0.8000023908 -0.1928843675 0.9000636812
648 -0.7994334684 0.0174999227 0.8996495529
649 -0.5988322375 0.0088069917 0.8993485202
650 -0.3982880236 -0.0058391278 0.8990295404
651 -0.1978146693 -0.0257697765 0.8987032872
652 0.0025715208 -0.0500742939 0.8983923264
653 0.2028691408 -0.0778031647 0.8981113053
654 0.4030829103 -0.1080472011 0.8978664030
655 0.6032207166 -0.1399853062 0.8976615691
656 0.8032926739 -0.1728870378 0.8975154005
657 -0.7988673044 0.0374590452 0.8993056502
658 -0.5976628795 0.0287822500 0.8987014908
659 -0.3965707892 0.0141374779 0.8980562987
660 -0.1956217292 -0.0057900781 0.8973917069
661 0.0051512654 -0.0300914764 0.8967524225
662 0.2057452675 -0.0578172621 0.8961718989
663 0.4061701067 -0.0880583433 0.8956698665
664 0.6064427213 -0.1199943347 0.8952578264
665 0.8065843019 -0.1528948228 0.8949666541
666 -0.7983045593 0.0573913889 0.8989724788
667 -0.5964965556 0.0487413751 0.8980625793
668 -0.3948525700 0.0340984054 0.8970872000
669 -0.1934260841 0.0141761273 0.8960823602
670 0.0077343748 -0.0101202244 0.8951137706
671 0.2086250163 -0.0378410440 0.8942334103
672 0.4092610238 -0.0680772489 0.8934742034
673 0.6096684456 -0.1000096211 0.8928557015
674 0.8098787896 -0.1329081071 0.8924173907
675 -0.7977452691 0.0772977136 0.8986557012
676 -0.5953333107 0.0686849437 0.8974347735
677 -0.3931303442 0.0540434623 0.8961236772
678 -0.1912243955 0.0341287932 0.8947759815
679 0.0103245141 0.0098391919 0.8934767707
680 0.2115119283 -0.0178747837 0.8922961152
681 0.4123589093 -0.0481043117 0.8912798522
682 0.6129009451 -0.0800313639 0.8904558367
683 0.8131781203 -0.1129274298 0.8898684852
684 -0.8026457471 -0.0838500712 0.8011625139
685 -0.6052066476 -0.0941108176 0.8023181813
686 -0.4074671659 -0.1105322874 0.8036663371
687 -0.2093792087 -0.1322480432 0.8050946718
688 -0.0108930553 -0.1582612416 0.8065005693
689 0.1879868980 -0.1875332066 0.8077907822
690 0.3872278325 -0.2190844694 0.8088919685
691 0.5867760705 -0.2520581348 0.8097673060
692 0.7865718709 -0.2857335621 0.8104063952
693 -0.8019637994 -0.0637312121 0.8008986868
694 -0.6038905614 -0.0740429967 0.8017586501
695 -0.4055811520 -0.0904690344 0.8027611011
696 -0.2070138608 -0.1121939314 0.8038289331
697 -0.0081497268 -0.1382129995 0.8048839770
698 0.1910087914 -0.1674898410 0.8058547540
699 0.3904373997 -0.1990463054 0.8066835204
700 0.5900958532 -0.2320250384 0.8073414010
701 0.7899379586 -0.2657033129 0.8078141973
702 -0.8013004893 -0.0436469234 0.8006109419
703 -0.6025865328 -0.0539930766 0.8011817449
704 -0.4037123653 -0.0704238781 0.8018469296
705 -0.2046667936 -0.0921552444 0.8025594735
706 -0.0054243892 -0.1181787845 0.8032669558
707 0.1940142093 -0.1474591244 0.8039200569
708 0.3936329093 -0.1790193047 0.8044770061
709 0.5934045213 -0.2120016640 0.8049164010
710 0.7932975345 -0.2456826625 0.8052266752
711 -0.8006480471 -0.0235966306 0.8003082829
712 -0.6012915802 -0.0339626191 0.8005933431
713 -0.4018546139 -0.0503968525 0.8009267943
714 -0.2023319578 -0.0721321554 0.8012875071
715 -0.0027109872 -0.0981584157 0.8016496236
716 0.1970086746 -0.1274407259 0.8019863017
717 0.3968190616 -0.1590030405 0.8022717962
718 0.5967059255 -0.1919876698 0.8024920509
719 0.7966527087 -0.2256707766 0.8026432848
720 -0.8000006174 -0.0035799118 0.7999984287
721 -0.6000013647 -0.0139524299 0.7999991866
722 -0.4000022632 -0.0303879963 0.8000036417
723 -0.2000032043 -0.0521247074 0.8000142454
724 -0.0000035328 -0.0781517821 0.8000321109
725 0.1999976798 -0.1074344277 0.8000530544
726 0.4000005603 -0.1389971993 0.8000672635
727 0.6000037686 -0.1719828437 0.8000680784
728 0.8000056953 -0.2056671188 0.8000622056
729 -0.7993531836 0.0164033826 0.7996885689
730 -0.5987111370 0.0060372427 0.7994050146
731 -0.3981498973 -0.0103973252 0.7990804531
732 -0.1976744535 -0.0321329084 0.7987409269
733 0.0027038859 -0.0581588484 0.7984145751
734 0.2029866447 -0.0874401451 0.7981198708
735 0.4031820600 -0.1190016666 0.7978626936
736 0.6033016597 -0.1519871039 0.7976441736
737 0.8033587420 -0.1856715089 0.7974810810
738 -0.7987007294 0.0363531035 0.7993858933
739 -0.5974161477 0.0260066480 0.7988165667
740 -0.3962920992 0.0095751771 0.7981602097
741 -0.1953396240 -0.0121567558 0.7974687883
742 0.0054171797 -0.0381796584 0.7967971717
743 0.2059809856 -0.0674579300 0.7961862835
744 0.4063682148 -0.0990165840 0.7956574988
745 0.6066032105 -0.1320004977 0.7952200045
746 0.8067140967 -0.1656841407 0.7948975555
747 -0.7980374009 0.0562688291 0.7990981201
748 -0.5961120572 0.0459565927 0.7982395863
749 -0.3944232309 0.0295295500 0.7972458577
750 -0.1929925624 0.0078037872 0.7961990342
751 0.0081423338 -0.0182143304 0.7951800278
752 0.2089861810 -0.0474879768 0.7942517810
753 0.4095637270 -0.0790423218 0.7934514929
754 0.6099121375 -0.1120232115 0.7927952239
755 0.8100739717 -0.1457055624 0.7923098161
756 -0.7973554308 0.0761499852 0.7988342517
757 -0.5947958837 0.0658886390 0.7976799543
758 -0.3925370937 0.0494658286 0.7963403658
759 -0.1906272130 0.0277488836 0.7949328778
760 0.0108854051 0.0017369629 0.7935632048
761 0.2120077172 -0.0275306781 0.7923160949
762 0.4127732938 -0.0590790569 0.7912437261
763 0.6132323277 -0.0920556470 0.7903697012
764 0.8134404685 -0.1257366006 0.7897172825
765 -0.8030248963 -0.0847232703 0.7010390980
766 -0.6058090539 -0.0965386002 0.7021395529
767 -0.4081594443 -0.1148099505 0.7035017454
768 -0.2100887721 -0.1384519278 0.7049903152
769 -0.0115657134 -0.1663266223 0.7064814087
770 0.1873919445 -0.1972803296 0.7078630802
771 0.3867343777 -0.2302467851 0.7090358050
772 0.5863809500 -0.2643388068 0.7099525992
773 0.7862415492 -0.2988894574 0.7106260039
774 -0.8022351864 -0.0645818903 0.7008101510
775 -0.6043339780 -0.0764558929 0.7016294963
776 -0.4060941446 -0.0947366699 0.7026402198
777 -0.2075411280 -0.1183910225 0.7037500016
778 -0.0086505254 -0.1462725500 0.7048667256
779 0.1905651171 -0.1772300893 0.7059052835
780 0.3900685449 -0.2102006900 0.7067872935
781 0.5897994816 -0.2442992434 0.7074751334
782 0.7896898246 -0.2788556864 0.7079700599
783 -0.8014756104 -0.0444827184 0.7005538074
784 -0.6028775246 -0.0563954176 0.7010977026
785 -0.4040508844 -0.0746846167 0.7017669986
786 -0.2050154120 -0.0983476738 0.7025056611
787 -0.0057560701 -0.1262343751 0.7032535771
788 0.1937200242 -0.1571945243 0.7039526958
789 0.3933881687 -0.1901681893 0.7045454735
790 0.5932077355 -0.2242713793 0.7050038855
791 0.7931327569 -0.2588326577 0.7053256457
792 -0.8007335802 -0.0244239341 0.7002802253
793 -0.6014348904 -0.0363586491 0.7005516165
794 -0.4020218150 -0.0546535757 0.7008860768
795 -0.2025043981 -0.0783219653 0.7012586912
796 -0.0028754083 -0.1062117895 0.7016414740
797 0.1968627619 -0.1371731634 0.7020036113
798 0.3966981030 -0.1701485424 0.7023086164
799 0.5966092413 -0.2042546525 0.7025367354
800 0.7965720591 -0.2388194781 0.7026900888
801 -0.7999996767 -0.0044044693 0.6999983196
802 -0.5999994691 -0.0163463889 0.6999984504
803 -0.3999997514 -0.0346435118 0.7000013167
804 -0.2000007373 -0.0583139132 0.7000103876
805 -0.0000016778 -0.0862046225 0.7000298716
806 0.1999993732 -0.1171657249 0.7000563575
807 0.4000031912 -0.1501413238 0.7000745837
808 0.6000074423 -0.1842487330 0.7000717154
809 0.8000095729 -0.2188155817 0.7000592327
810 -0.7992657667 0.0155760288 0.6997164116
811 -0.5985640275 0.0036411113 0.6994452763
812 -0.3979776567 -0.0146544242 0.6991165234
813 -0.1974970730 -0.0383235198 0.6987619976
814 0.0028719820 -0.0662128254 0.6984181871
815 0.2031358791 -0.0971721073 0.6981092838
816 0.4033082779 -0.1301462392 0.6978410860
817 0.6034057572 -0.1642535044 0.6976068855
818 0.8034472068 -0.1988207807 0.6974282881
819 -0.7985237176 0.0355172072 0.6994428227
820 -0.5971213323 0.0236041051 0.6988991664
821 -0.3959484919 0.0053136909 0.6982355035
822 -0.1949860445 -0.0183507875 0.6975147655
823 0.0057524289 -0.0462364710 0.6968058301
824 0.2062782983 -0.0771923878 0.6961607553
825 0.4066182070 -0.1101631100 0.6956053383
826 0.6068076054 -0.1442690607 0.6951403223
827 0.8068868708 -0.1788352801 0.6947924608
828 -0.7977641119 0.0554179977 0.6991864670
829 -0.5956647786 0.0435433955 0.6983673351
830 -0.3939050651 0.0252608031 0.6973621227
831 -0.1924602899 0.0016042966 0.6962699781
832 0.0086465139 -0.0262757612 0.6951922358
833 0.2094326710 -0.0572267899 0.6942090921
834 0.4099378203 -0.0901922165 0.6933642240
835 0.6102164268 -0.1242956758 0.6926700532
836 0.8103304134 -0.1588596705 0.6921475841
837 -0.7969743647 0.0752765800 0.6989575012
838 -0.5941895646 0.0634604587 0.6978572280
839 -0.3918395179 0.0451867008 0.6965003867
840 -0.1899125565 0.0215418205 0.6950289967
841 0.0115611547 -0.0063310645 0.6935769919
842 0.2126050842 -0.0372755853 0.6922519649
843 0.4132719698 -0.0702351233 0.6911177560
844 0.6136357503 -0.1043337144 0.6901933356
845 0.8137795620 -0.1388949047 0.6894910964
846 -0.8033888758 -0.0854704001 0.6009621426
847 -0.6064140721 -0.0987540040 0.6020258020
848 -0.4088854174 -0.1189011840 0.6033931722
849 -0.2108517598 -0.1445753608 0.6049304658
850 -0.0122996312 -0.1744571184 0.6065067980
851 0.1867413169 -0.2072409218 0.6079951140
852 0.3862018574 -0.2417311791 0.6092510882
853 0.5859594892 -0.2769920035 0.6101807928
854 0.7858841542 -0.3124562020 0.6108441588
855 -0.8024976889 -0.0653067719 0.6007519606
856 -0.6047801198 -0.0786569931 0.6015447570
857 -0.4066322308 -0.0988180384 0.6025585328
858 -0.2081080572 -0.1245101795 0.6037020770
859 -0.0091968642 -0.1544025258 0.6048802208
860 0.1900797369 -0.1871901737 0.6059993102
861 0.3896698988 -0.2216834595 0.6069438605
862 0.5894825152 -0.2569551306 0.6076400291
863 0.7894206143 -0.2924296071 0.6081242309
864 -0.8016458471 -0.0451925918 0.6005150315
865 -0.6031707676 -0.0585864259 0.6010414559
866 -0.4044060506 -0.0787592546 0.6017118156
867 -0.2053902854 -0.1044640218 0.6024708254
868 -0.0061180652 -0.1343643817 0.6032586771
869 0.1933977606 -0.1671543245 0.6040142020
870 0.3931231884 -0.2016490080 0.6046510282
871 0.5929967881 -0.2369292317 0.6051121815
872 0.7929532976 -0.2724117774 0.6054225975
873 -0.8008169958 -0.0251251649 0.6002609332
874 -0.6015795045 -0.0385436703 0.6005233255
875 -0.4021972855 -0.0587243181 0.6008570171
876 -0.2026899010 -0.0844368925 0.6012375937
877 -0.0030552339 -0.1143421992 0.6016405140
878 0.1967021920 -0.1471326606 0.6020363067
879 0.3965666474 -0.1816273329 0.6023670679
880 0.5965052820 -0.2169135217 0.6025929717
881 0.7964834184 -0.2524019257 0.6027344621
882 -0.7999988036 -0.0051028831 0.5999984545
883 -0.5999976378 -0.0185294274 0.5999977962
884 -0.3999971078 -0.0387130296 0.5999981694
885 -0.1999981949 -0.0644287548 0.6000033067
886 -0.0000004408 -0.0943357190 0.6000239703
887 0.1999997538 -0.1271247081 0.6000621437
888 0.4000051919 -0.1616182365 0.6000879955
889 0.6000109830 -0.1969074852 0.6000782117
890 0.8000123150 -0.2323995813 0.6000533553
891 -0.7991806049 0.0148747859 0.5997359780
892 -0.5984157453 0.0014560871 0.5994722684
893 -0.3977968718 -0.0187253349 0.5991393106
894 -0.1973064579 -0.0444395903 0.5987689050
895 0.0030542319 -0.0743448710 0.5984072268
896 0.2032971036 -0.1071303166 0.5980881413
897 0.4034437318 -0.1416217803 0.5978106207
898 0.6035168999 -0.1769109595 0.5975636209
899 0.8035413861 -0.2124045918 0.5973721044
900 -0.7983517348 0.0348073099 0.5994818863
901 -0.5968244064 0.0214130878 0.5989541431
902 -0.3955879296 0.0012387236 0.5982844818
903 -0.1946059689 -0.0244694105 0.5975353339
904 0.0061167069 -0.0543697647 0.5967884401
905 0.2066008507 -0.0871497036 0.5961106799
906 0.4068871762 -0.1216380003 0.5955319956
907 0.6070260871 -0.1569241817 0.5950448696
908 0.8070720281 -0.1924171252 0.5946835110
909 -0.7974998634 0.0546930812 0.5992449687
910 -0.5952149335 0.0413422748 0.5984508509
911 -0.3933614476 0.0211789577 0.5974377240
912 -0.1918879861 -0.0045182420 0.5963035357
913 0.0091949328 -0.0344106918 0.5951657502
914 0.2099175709 -0.0671835092 0.5941263763
915 0.4103404404 -0.1016661698 0.5932471579
916 0.6105416662 -0.1369478418 0.5925178637
917 0.8106055642 -0.1724376641 0.5919809999
918 -0.7966086383 0.0745294062 0.5990348015
919 -0.5935808268 0.0612450142 0.5979698244
920 -0.3911078233 0.0410948628 0.5966030351
921 -0.1891439121 0.0154139335 0.5950744701
922 0.0122969450 -0.0144681579 0.5935371338
923 0.2132538638 -0.0472327463 0.5921330152
924 0.4138084468 -0.0817045957 0.5909430375
925 0.6140667931 -0.1169830351 0.5899795939
926 0.8141431789 -0.1524670013 0.5892593670
927 -0.8037414186 -0.0861658088 0.5009195827
928 -0.6070156318 -0.1008692838 0.5019573245
929 -0.4096271365 -0.1228946387 0.5033207353
930 -0.2116511283 -0.1506785055 0.5048846723
931 -0.0130835229 -0.1827095818 0.5065263408
932 0.1860425875 -0.2174953939 0.5081284989
933 0.3856462954 -0.2536392190 0.5094848054
934 0.5855398614 -0.2900558207 0.5103765807
935 0.7855331697 -0.3263824684 0.5109815857
936 -0.8027531050 -0.0659822158 0.5007185242
937 -0.6052245487 -0.0807605235 0.5014918916
938 -0.4071822948 -0.1028043551 0.5025024339
939 -0.2087015375 -0.1306130626 0.5036635236
940 -0.0097793912 -0.1626625401 0.5048860208
941 0.1895596525 -0.1974557524 0.5060909195
942 0.3892537825 -0.2335990934 0.5071202814
943 0.5891652626 -0.2700347112 0.5077779545
944 0.7891547076 -0.3063734953 0.5082174074
945 -0.8018120479 -0.0458542914 0.5004921151
946 -0.6034633231 -0.0606815078 0.5010054224
947 -0.4047692359 -0.0827406172 0.5016729375
948 -0.2057821924 -0.1105667875 0.5024409055
949 -0.0065033394 -0.1426303039 0.5032550505
950 0.1930527165 -0.1774281787 0.5040731300
951 0.3928464044 -0.2135688448 0.5047790999
952 0.5927849426 -0.2500203602 0.5052019161
953 0.7927746308 -0.2863683924 0.5054770570
954 -0.8008986600 -0.0257788324 0.5002495022
955 -0.6017239641 -0.0406336743 0.5005049686
956 -0.4023766995 -0.0627027269 0.5008359975
957 -0.2028831041 -0.0905397439 0.5012172430
958 -0.0032460522 -0.1226125235 0.5016301192
959 0.1965298127 -0.1574112539 0.5020690425
960 0.3964291127 -0.1935460452 0.5024535490
961 0.5964007739 -0.2300113270 0.5026413936
962 0.7963934935 -0.2663668103 0.5027535973
963 -0.7999981186 -0.0057538947 0.4999989849
964 -0.5999959508 -0.0206177196 0.4999975428
965 -0.3999942820 -0.0426903817 0.4999953477
966 -0.1999940880 -0.0705318862 0.4999930061
967 0.0000017402 -0.1026090476 0.5000080058
968 0.1999987891 -0.1374042081 0.5000718520
969 0.4000068602 -0.1735294976 0.5001341463
970 0.6000148176 -0.2100068334 0.5000886791
971 0.8000119125 -0.2463685920 0.5000387438
972 -0.7990975721 0.0142211713 0.4997484743
973 -0.5982679162 -0.0006338502 0.4994901263
974 -0.3976117765 -0.0227035006 0.4991547186
975 -0.1971049432 -0.0505431621 0.4987686958
976 0.0032493157 -0.0826198525 0.4983854953
977 0.2034673630 -0.1174069090 0.4980745071
978 0.4035846021 -0.1535199545 0.4978113845
979 0.6036292591 -0.1900067446 0.4975358118
980 0.8036305384 -0.2263737105 0.4973236083
981 -0.7981841694 0.0341457160 0.4995058817
982 -0.5965284961 0.0193181406 0.4989897024
983 -0.3952189816 -0.0027421775 0.4983178378
984 -0.1942054375 -0.0305735348 0.4975448458
985 0.0065059594 -0.0626450303 0.4967593160
986 0.2069431964 -0.0974197759 0.4960698518
987 0.4071672922 -0.1335203334 0.4954787927
988 0.6072463390 -0.1700114823 0.4949747232
989 0.8072500233 -0.2063822580 0.4945992338
990 -0.7972430887 0.0540177944 0.4992795060
991 -0.5947671751 0.0392389528 0.4985032894
992 -0.3928055188 0.0171932648 0.4974884350
993 -0.1912852866 -0.0106229527 0.4963220050
994 0.0097809775 -0.0426848084 0.4951261803
995 0.2104339266 -0.0774437319 0.4940502301
996 0.4107598820 -0.1135351879 0.4931376176
997 0.6108683245 -0.1500219799 0.4923968451
998 0.8108709818 -0.1863944663 0.4918572348
999 -0.7962547474 0.0738342015 0.4990784967
1000 -0.5929759625 0.0591300342 0.4980379388
1001 -0.3903601890 0.0371020954 0.4966702797
1002 -0.1883343360 0.0093087406 0.4951006449
1003 0.0130838506 -0.0227395264 0.4934829798
1004 0.2139469785 -0.0574806682 0.4920070375
1005 0.4143673255 -0.0935666598 0.4907987203
1006 0.6144976723 -0.1300401581 0.4897925730
1007 0.8144938794 -0.1664106749 0.4890908212
1008 -0.8040878858 -0.0868526511 0.4008918787
1009 -0.6076119095 -0.1029513235 0.4019060816
1010 -0.4103731998 -0.1268362666 0.4032544729
1011 -0.2124743004 -0.1567518875 0.4048179141
1012 -0.0139107725 -0.1910617016 0.4064766974
1013 0.1852986428 -0.2280483381 0.4081596739
1014 0.3850808543 -0.2660263966 0.4096434434
1015 0.5851476845 -0.3034727700 0.4104327857
1016 0.7852164802 -0.3405074318 0.4109733018
1017 -0.8030042824 -0.0666525658 0.4006954371
1018 -0.6056656220 -0.0828350582 0.4014504513
1019 -0.4077361848 -0.1067426672 0.4024499745
1020 -0.2093126301 -0.1366895675 0.4036101426
1021 -0.0103912805 -0.1710296842 0.4048380226
1022 0.1890088123 -0.2080378351 0.4060989959
1023 0.3888304545 -0.2460212028 0.4072373496
1024 0.5888658518 -0.2834851763 0.4078053022
1025 0.7889115854 -0.3205223698 0.4082024239
1026 -0.8019756787 -0.0465134649 0.4004758097
1027 -0.6037541103 -0.0627506452 0.4009764635
1028 -0.4051352723 -0.0866767334 0.4016362207
1029 -0.2061857254 -0.1166452397 0.4024019137
1030 -0.0069052075 -0.1510089269 0.4032102382
1031 0.1926887533 -0.1880310164 0.4040719748
1032 0.3925650186 -0.2260137517 0.4048909124
1033 0.5925837408 -0.2634946438 0.4052139009
1034 0.7926081783 -0.3005347089 0.4054557125
1035 -0.8009793003 -0.0264315256 0.4002414561
1036 -0.6018680151 -0.0426995349 0.4004903327
1037 -0.4025577272 -0.0666375638 0.4008163368
1038 -0.2030820533 -0.0966189712 0.4011934747
1039 -0.0034414788 -0.1309995665 0.4015894431
1040 0.1963488968 -0.1680272246 0.4020662398
1041 0.3962895434 -0.2059976333 0.4025822631
1042 0.5963010181 -0.2435005700 0.4026453445
1043 0.7963058302 -0.2805449502 0.4027259054
1044 -0.7999978893 -0.0064044388 0.3999999560
1045 -0.5999951058 -0.0226824161 0.3999981689
1046 -0.3999917245 -0.0466247742 0.3999933980
1047 -0.1999898715 -0.0766107104 0.3999849928
1048 0.0000110690 -0.1110016441 0.3999719490
1049 0.1999988683 -0.1480266875 0.4000695815
1050 0.4000090390 -0.1859694263 0.4002872189
1051 0.6000182386 -0.2235032193 0.4000866483
1052 0.8000039580 -0.2605533493 0.4000046638
1053 -0.7990164742 0.0135685644 0.3997584623
1054 -0.5981221860 -0.0026994875 0.3995060296
1055 -0.3974256453 -0.0266382717 0.3991704680
1056 -0.1968973969 -0.0566204118 0.3987766102
1057 0.0034636744 -0.0910150346 0.3983541480
1058 0.2036477406 -0.1280302824 0.3980703515
1059 0.4037285306 -0.1659274998 0.3979806665
1060 0.6037365410 -0.2035034791 0.3975253881
1061 0.8037019260 -0.2405598554 0.3972831801
1062 -0.7980200859 0.0334867126 0.3995241279
1063 -0.5962360547 0.0172494577 0.3990199724
1064 -0.3948478969 -0.0066781852 0.3983506154
1065 -0.1937928212 -0.0366480946 0.3975684733
1066 0.0069277128 -0.0710393653 0.3967324212
1067 0.2073041175 -0.1080393780 0.3960577308
1068 0.4074530436 -0.1458727496 0.3956353897
1069 0.6074575350 -0.1835027031 0.3949499638
1070 0.8073989786 -0.2205640202 0.3945526294
1071 -0.7969914743 0.0533476941 0.3993045324
1072 -0.5943244664 0.0371651137 0.3985461103
1073 -0.3922467254 0.0132550853 0.3975369192
1074 -0.1906643718 -0.0166938641 0.3963607955
1075 0.0104148543 -0.0510739701 0.3951029807
1076 0.2109762280 -0.0880554437 0.3940217691
1077 0.4111875895 -0.1258119460 0.3932238973
1078 0.6111831752 -0.1635023274 0.3923496346
1079 0.8110940750 -0.2005649390 0.3918045380
1080 -0.7959078818 0.0731476837 0.3991081333
1081 -0.5923780363 0.0570489303 0.3980906693
1082 -0.3896094878 0.0331606570 0.3967324984
1083 -0.1875005911 0.0032421826 0.3951539034
1084 0.0139372295 -0.0311180947 0.3934620862
1085 0.2146724541 -0.0680787214 0.3919504031
1086 0.4149371679 -0.1057661418 0.3907399394
1087 0.6149151834 -0.1435025538 0.3897114505
1088 0.8147858048 -0.1805614374 0.3890317282
1089 -0.8044289474 -0.0875546844 0.3008482887
1090 -0.6081992665 -0.1050275083 0.3018328794
1091 -0.4111104815 -0.1307310712 0.3031619932
1092 -0.2132961552 -0.1627340513 0.3047038799
1093 -0.0147695557 -0.1993176988 0.3063230760
1094 0.1845085033 -0.2388184988 0.3079476958
1095 0.3845183331 -0.2788260408 0.3094860719
1096 0.5848111929 -0.3171018874 0.3102190649
1097 0.7849500111 -0.3545052630 0.3108090765
1098 -0.8032512589 -0.0673443481 0.3006582203
1099 -0.6061005130 -0.0849104490 0.3013903900
1100 -0.4082844751 -0.1106384911 0.3023771274
1101 -0.2099237573 -0.1426767070 0.3035224049
1102 -0.0110263449 -0.1792990679 0.3047173369
1103 0.1884317200 -0.2188545358 0.3059158285
1104 0.3884100087 -0.2588917814 0.3071400943
1105 0.5886011448 -0.2971629811 0.3076221922
1106 0.7887065575 -0.3345383653 0.3080786745
1107 -0.8021366479 -0.0471987284 0.3004491102
1108 -0.6040414145 -0.0648254444 0.3009343430
1109 -0.4054987088 -0.0905733193 0.3015860167
1110 -0.2065896183 -0.1226359875 0.3023413399
1111 -0.0073241867 -0.1592861184 0.3031201334
1112 0.1923136878 -0.1988852699 0.3039174543
1113 0.3922862205 -0.2389332336 0.3048919245
1114 0.5924006549 -0.2772115364 0.3050598784
1115 0.7924699088 -0.3145615310 0.3053663560
1116 -0.8010589887 -0.0271131841 0.3002280272
1117 -0.6020112604 -0.0447739430 0.3004692641
1118 -0.4027390164 -0.0705345544 0.3007907123
1119 -0.2032812060 -0.1026119817 0.3011605374
1120 -0.0036491283 -0.1392788104 0.3015291947
1121 0.1961701139 -0.1789142108 0.3019366892
1122 0.3961521000 -0.2189532421 0.3027017633
1123 0.5962044703 -0.2572511624 0.3025158423
1124 0.7962375430 -0.2945753806 0.3026677038
1125 -0.7999984903 -0.0070849300 0.3000011586
1126 -0.5999960997 -0.0247566063 0.2999996932
1127 -0.3999922392 -0.0505217520 0.2999933184
1128 -0.1999855701 -0.0826046981 0.2999798611
1129 0.0000128005 -0.1192770618 0.2999420645
1130 0.2000158187 -0.1589440185 0.2999591929
1131 0.4000128081 -0.1989503871 0.3005438901
1132 0.6000083607 -0.2372845852 0.2999754101
1133 0.8000068507 -0.2745802104 0.2999768499
1134 -0.7989379974 0.0128869592 0.2997742956
1135 -0.5979809164 -0.0047736226 0.2995301434
1136 -0.3972454458 -0.0305347755 0.2991959859
1137 -0.1966896921 -0.0626141900 0.2987991037
1138 0.0036755166 -0.0992806312 0.2983564580
1139 0.2038650276 -0.1389767224 0.2979713927
1140 0.4038735144 -0.1789183140 0.2983946420
1141 0.6038087137 -0.2173138635 0.2974246587
1142 0.8037752553 -0.2545758858 0.2972875841
1143 -0.7978603587 0.0328015561 0.2995532319
1144 -0.5959506915 0.0151751907 0.2990651165
1145 -0.3944857149 -0.0105737252 0.2984009025
1146 -0.1933805633 -0.0426406098 0.2976179313
1147 0.0073528824 -0.0792889977 0.2967704092
1148 0.2077314807 -0.1190140353 0.2959606700
1149 0.4077393920 -0.1588451711 0.2962221784
1150 0.6076024029 -0.1973407029 0.2948506066
1151 0.8075402369 -0.2345617120 0.2945940477
1152 -0.7967457963 0.0526560748 0.2993441630
1153 -0.5938914643 0.0350904818 0.2986091195
1154 -0.3916998993 0.0093610175 0.2976102708
1155 -0.1900453683 -0.0226842486 0.2964359141
1156 0.0110591192 -0.0593011778 0.2951819400
1157 0.2116276130 -0.0990576998 0.2939177772
1158 0.4116156151 -0.1387133014 0.2939686163
1159 0.6113875815 -0.1773668052 0.2922436377
1160 0.8112989253 -0.2145362390 0.2918909255
1161 -0.7955681958 0.0724458838 0.2991541634
1162 -0.5917925651 0.0549736445 0.2981666559
1163 -0.3888736241 0.0292686325 0.2968261778
1164 -0.1866725674 -0.0027456300 0.2952529835
1165 0.0148108112 -0.0393154732 0.2935870024
1166 0.2155610515 -0.0791092767 0.2918461655
1167 0.4155073380 -0.1185020650 0.2915041302
1168 0.6151670989 -0.1573936583 0.2896067816
1169 0.8150459766 -0.1944969714 0.2891719687
1170 -0.8047576113 -0.0882698519 0.2007263030
1171 -0.6087655125 -0.1070761886 0.2016815031
1172 -0.4118234010 -0.1345357238 0.2030112148
1173 -0.2140822104 -0.1685660775 0.2045370897
1174 -0.0155779344 -0.2072583524 0.2060896744
1175 0.1837032429 -0.2490881172 0.2075069872
1176 0.3839745432 -0.2920617650 0.2087311117
1177 0.5845337863 -0.3301938504 0.2097745446
1178 0.7846875681 -0.3680735950 0.2105546985
1179 -0.8034889802 -0.0680622570 0.2005582724
1180 -0.6065205461 -0.0869669583 0.2012695726
1181 -0.4088157097 -0.1144484555 0.2022607442
1182 -0.2105105402 -0.1485135755 0.2033959616
1183 -0.0116256927 -0.1872455089 0.2045430399
1184 0.1878314496 -0.2291350316 0.2055797067
1185 0.3880046642 -0.2722820932 0.2064834147
1186 0.5883945392 -0.3102644007 0.2072847191
1187 0.7885087338 -0.3481110039 0.2078950577
1188 -0.8022917168 -0.0479195387 0.2003786992
1189 -0.6043197614 -0.0668875270 0.2008506386
1190 -0.4058525640 -0.0943869623 0.2015072397
1191 -0.2069805658 -0.1284765074 0.2022556799
1192 -0.0077175836 -0.1672364541 0.2030019631
1193 0.1918907925 -0.2091596959 0.2036620444
1194 0.3920184771 -0.2525478045 0.2042462949
1195 0.5922907787 -0.2903059387 0.2048039745
1196 0.7923375458 -0.3281369698 0.2052451998
1197 -0.8011362219 -0.0278361196 0.2001920748
1198 -0.6021512549 -0.0468393990 0.2004271122
1199 -0.4029182760 -0.0743501505 0.2007517676
1200 -0.2034788106 -0.1084551613 0.2011160675
1201 -0.0038388644 -0.1472307351 0.2014646417
1202 0.1959102268 -0.1891639592 0.2017509849
1203 0.3960213876 -0.2328879471 0.2020168240
1204 0.5962044809 -0.2703203711 0.2023294376
1205 0.7961714243 -0.3081517502 0.2026028378
1206 -0.8000001314 -0.0078086181 0.2000021318
1207 -0.5999995099 -0.0268232271 0.2000013336
1208 -0.3999982553 -0.0543375123 0.1999953705
1209 -0.1999916930 -0.0884494509 0.1999769028
1210 0.0000270612 -0.1272291652 0.1999292425
1211 0.1999131370 -0.1691452490 0.1998432967
1212 0.4000188198 -0.2133254535 0.1997914547
1213 0.6001233508 -0.2503051562 0.1998580625
1214 0.8000058453 -0.2881566736 0.1999644828
1215 -0.7988640570 0.0121641014 0.1998121940
1216 -0.5978477728 -0.0068392103 0.1995755711
1217 -0.3970779908 -0.0343488786 0.1992390355
1218 -0.1965056302 -0.0684591381 0.1988379179
1219 0.0038969948 -0.1072337225 0.1983939317
1220 0.2039225541 -0.1490962903 0.1979356686
1221 0.4040162755 -0.1938808168 0.1975662464
1222 0.6040356287 -0.2302530023 0.1973867225
1223 0.8038361343 -0.2681540109 0.1973261690
1224 -0.7977085881 0.0320809210 0.1996255846
1225 -0.5956793716 0.0131127970 0.1991520911
1226 -0.3941427963 -0.0143844040 0.1984837412
1227 -0.1930071056 -0.0484836786 0.1976988410
1228 0.0077861120 -0.0872479516 0.1968569486
1229 0.2079663116 -0.1290048627 0.1960246566
1230 0.4080192495 -0.1745720894 0.1953368979
1231 0.6079248046 -0.2101515994 0.1949121604
1232 0.8076591104 -0.2481474160 0.1946839977
1233 -0.7965112856 0.0519384755 0.1994460352
1234 -0.5934790081 0.0330334379 0.1987332282
1235 -0.3911777782 0.0055551917 0.1977305090
1236 -0.1894818548 -0.0285216502 0.1965594208
1237 0.0117039276 -0.0672778384 0.1953167101
1238 0.2120852000 -0.1088541641 0.1941066673
1239 0.4120331300 -0.1554101363 0.1930988025
1240 0.6117613482 -0.1899839581 0.1924309747
1241 0.8114770880 -0.2281429066 0.1920347194
1242 -0.7952424947 0.0717311561 0.1992780355
1243 -0.5912347744 0.0529244260 0.1983213805
1244 -0.3881681960 0.0254678679 0.1969803774
1245 -0.1859108432 -0.0085694397 0.1954193883
1246 0.0156436768 -0.0473330059 0.1937718223
1247 0.2163495004 -0.0886258323 0.1921786232
1248 0.4160632553 -0.1363817046 0.1908461060
1249 0.6154860553 -0.1697314466 0.1899402413
1250 0.8153096428 -0.2081501840 0.1893764570
1251 -0.8050336438 -0.0889263839 0.1004065402
1252 -0.6092624928 -0.1089904120 0.1014016863
1253 -0.4124435595 -0.1381597121 0.1027756382
1254 -0.2147672074 -0.1741615742 0.1043288377
1255 -0.0162238917 -0.2149112350 0.1058609102
1256 0.1832288748 -0.2583027109 0.1070884446
1257 0.3835044950 -0.3015098860 0.1079932873
1258 0.5840792423 -0.3422112435 0.1093791841
1259 0.7844352128 -0.3812547068 0.1103482200
1260 -0.8036837474 -0.0687438423 0.1003041290
1261 -0.6068792231 -0.0888930098 0.1010514473
1262 -0.4092654206 -0.1180818443 0.1020803104
1263 -0.2110086350 -0.1541129404 0.1032387346
1264 -0.0121001280 -0.1948962626 0.1043748572
1265 0.1874889893 -0.2383428279 0.1052603114
1266 0.3876658433 -0.2815838271 0.1058305025
1267 0.5880673468 -0.3222709574 0.1069838288
1268 0.7883361371 -0.3612813876 0.1077494059
1269 -0.8024161916 -0.0486205036 0.1002022694
1270 -0.6045524819 -0.0688218245 0.1007015562
1271 -0.4061461526 -0.0980274046 0.1013854203
1272 -0.2073084438 -0.1340781546 0.1021502301
1273 -0.0080369078 -0.1748849843 0.1028924829
1274 0.1916926867 -0.2183762504 0.1034181824
1275 0.3918013587 -0.2616335771 0.1035887764
1276 0.5920601859 -0.3023183810 0.1045727545
1277 0.7922441673 -0.3412991870 0.1051536812
1278 -0.8011976526 -0.0285493254 0.1001018325
1279 -0.6022676872 -0.0487785189 0.1003518544
1280 -0.4030669781 -0.0779950430 0.1006911393
1281 -0.2036490880 -0.1140571832 0.1010630891
1282 -0.0040151911 -0.1548772349 0.1014119784
1283 0.1958593064 -0.1984071586 0.1015710037
1284 0.3959184270 -0.2416639228 0.1013016649
1285 0.5960531152 -0.2823577611 0.1021553521
1286 0.7961558735 -0.3213085805 0.1025600420
1287 -0.8000021090 -0.0085260056 0.1000024101
1288 -0.6000048058 -0.0287638640 0.1000021959
1289 -0.4000081880 -0.0579841533 0.0999972540
1290 -0.2000105105 -0.0940499922 0.0999768032
1291 -0.0000141178 -0.1348728975 0.0999317340
1292 0.2000090671 -0.1784385878 0.0997273353
1293 0.4000259636 -0.2216746337 0.0989900468
1294 0.6000437724 -0.2623921925 0.0997407813
1295 0.8000686934 -0.3013098291 0.0999669135
1296 -0.7988065758 0.0114508956 0.0999029940
1297 -0.5977419226 -0.0087780793 0.0996525481
1298 -0.3969494601 -0.0379945527 0.0993034252
1299 -0.1963717794 -0.0740566607 0.0988908876
1300 0.0039878648 -0.1148717107 0.0984500419
1301 0.2041623763 -0.1584724335 0.0978953087
1302 0.4041335104 -0.2016592120 0.0966733307
1303 0.6040308681 -0.2424235983 0.0973378198
1304 0.8039804996 -0.2813027630 0.0973722257
1305 -0.7975880710 0.0313799387 0.0998025725
1306 -0.5954571163 0.0111790518 0.0993028882
1307 -0.3938704763 -0.0180263810 0.0986092619
1308 -0.1927120084 -0.0540774213 0.0978050184
1309 0.0080122274 -0.0948731526 0.0969649077
1310 0.2083393699 -0.1385097440 0.0960817496
1311 0.4082506129 -0.1816039909 0.0943784754
1312 0.6080133867 -0.2224530190 0.0949539527
1313 0.8078892500 -0.2612866557 0.0947735665
1314 -0.7963205851 0.0512568234 0.0997007275
1315 -0.5931303363 0.0311082883 0.0989530978
1316 -0.3907515203 0.0019198300 0.0979144075
1317 -0.1890113650 -0.0341126794 0.0967190697
1318 0.0120799413 -0.0748763480 0.0954744094
1319 0.2125586297 -0.1185512023 0.0942889408
1320 0.4123861978 -0.1614877598 0.0921569739
1321 0.6119906065 -0.2024811030 0.0925921002
1322 0.8117922645 -0.2412601321 0.0921689116
1323 -0.7949708034 0.0710745195 0.0995983230
1324 -0.5907470281 0.0510112415 0.0986030299
1325 -0.3875735729 0.0218429219 0.0972189396
1326 -0.1852533906 -0.0141630557 0.0956327505
1327 0.0162122871 -0.0548800002 0.0939792856
1328 0.2168328776 -0.0985973559 0.0925032516
1329 0.4165476679 -0.1412846544 0.0901334944
1330 0.6159645316 -0.1825083580 0.0902391035
1331 0.8156836861 -0.2212211169 0.0895597871
