1 -0.0126366795 0.0028544725 0.0014841210 -0.0001400587 0.0082950106 0.0025837233
2 -0.0134252185 0.0045742610 0.0030855725 -0.0000726723 0.0074985090 0.0011001439
3 -0.0124215492 0.0034693278 0.0030302628 0.0001058750 0.0082965797 0.0004204322
4 -0.0107507565 0.0032225737 0.0025597754 0.0000583994 0.0085552487 0.0003422172
5 -0.0087426413 0.0027247472 0.0019378931 0.0000014280 0.0082786007 0.0001774193
6 -0.0066905773 0.0022703407 0.0012985582 -0.0000688182 0.0075373701 0.0001040985
7 -0.0047604341 0.0018161167 0.0007098562 -0.0001289728 0.0064506088 0.0000258531
8 -0.0030336459 0.0013902009 0.0002026327 -0.0001806197 0.0051727725 -0.0000530426
9 -0.0015062948 0.0010819556 -0.0003275873 -0.0002779830 0.0037557837 -0.0002106177
10 -0.0003873992 0.0008104329 -0.0006147545 -0.0002519326 0.0015524861 -0.0001972367
11 -0.0100608238 0.0023140426 0.0011155353 -0.0006420996 0.0061345359 0.0042790992
12 -0.0103930546 0.0036535978 0.0023386455 -0.0008688385 0.0050608961 0.0028617132
13 -0.0096096813 0.0026960413 0.0023354605 -0.0003589314 0.0057822017 0.0017923002
14 -0.0083474364 0.0024966028 0.0020002799 -0.0002339609 0.0059980748 0.0013803593
15 -0.0067812607 0.0020990316 0.0015279405 -0.0002184237 0.0058221050 0.0010722827
16 -0.0051839131 0.0017367556 0.0010335319 -0.0002575189 0.0053075054 0.0008249209
17 -0.0036779936 0.0013827009 0.0005712863 -0.0003122854 0.0045438375 0.0005755071
18 -0.0023290189 0.0010540073 0.0001694644 -0.0003879590 0.0036526082 0.0002823608
19 -0.0011449154 0.0008114996 -0.0002409367 -0.0005166005 0.0026725761 -0.0000981648
20 -0.0002933309 0.0005316733 -0.0003822167 -0.0000749362 0.0010134957 -0.0002534115
21 -0.0072962248 0.0017034768 0.0007702849 -0.0009773882 0.0042562657 0.0053897591
22 -0.0074128139 0.0026694110 0.0016275504 -0.0014635398 0.0032701152 0.0039736574
23 -0.0068380835 0.0019334260 0.0016483768 -0.0007539661 0.0038134382 0.0027606506
24 -0.0059555119 0.0017814505 0.0014262957 -0.0004629114 0.0039859654 0.0020729836
25 -0.0048352753 0.0014926497 0.0010965530 -0.0003864228 0.0038805067 0.0016546557
26 -0.0036909339 0.0012275670 0.0007462482 -0.0004014393 0.0035429080 0.0012899274
27 -0.0026113521 0.0009733710 0.0004146701 -0.0004542833 0.0030323028 0.0009201988
28 -0.0016450177 0.0007390065 0.0001258960 -0.0005582192 0.0024396163 0.0004835853
29 -0.0008027044 0.0005597600 -0.0001603821 -0.0006827032 0.0017883205 -0.0000439454
30 -0.0002051401 0.0003267973 -0.0002196197 0.0000769118 0.0006289166 -0.0003181727
31 -0.0044203236 0.0010418609 0.0004519540 -0.0011848747 0.0025118312 0.0060684083
32 -0.0044498216 0.0016271936 0.0009596489 -0.0018561191 0.0018393630 0.0046246650
33 -0.0040965955 0.0011652440 0.0009815729 -0.0010352505 0.0021722664 0.0033737423
34 -0.0035734246 0.0010681774 0.0008558153 -0.0006218973 0.0022874141 0.0024993619
35 -0.0028990169 0.0008929092 0.0006603272 -0.0004993596 0.0022358464 0.0020036145
36 -0.0022073581 0.0007315601 0.0004492766 -0.0004979553 0.0020455804 0.0015666416
37 -0.0015551927 0.0005793267 0.0002475675 -0.0005503372 0.0017474460 0.0011205906
38 -0.0009742324 0.0004386467 0.0000739362 -0.0006762396 0.0014002246 0.0005959027
39 -0.0004726627 0.0003263261 -0.0000913615 -0.0007849691 0.0010218745 -0.0000214376
40 -0.0001206701 0.0001736461 -0.0001094554 0.0001871362 0.0003398700 -0.0003711353
41 -0.0014856099 0.0003513735 0.0001501403 -0.0012845019 0.0008264645 0.0063917399
42 -0.0014912781 0.0005484021 0.0003195700 -0.0020509753 0.0005905157 0.0049249235
43 -0.0013727708 0.0003903937 0.0003293406 -0.0011806093 0.0007051815 0.0036699966
44 -0.0011980749 0.0003554194 0.0002895240 -0.0007036278 0.0007519750 0.0027028012
45 -0.0009681579 0.0002956873 0.0002231571 -0.0005560981 0.0007451178 0.0021668226
46 -0.0007292564 0.0002424953 0.0001476535 -0.0005463180 0.0006866822 0.0016954490
47 -0.0005050076 0.0001937649 0.0000747418 -0.0005988476 0.0005796639 0.0012125043
48 -0.0003107886 0.0001466161 0.0000168277 -0.0007363457 0.0004495460 0.0006459174
49 -0.0001493857 0.0001051668 -0.0000310669 -0.0008332760 0.0003179052 -0.0000141051
50 -0.0000382780 0.0000500729 -0.0000297114 0.0002447918 0.0001026049 -0.0004001353
51 0.0014675048 -0.0003483348 -0.0001462889 -0.0012845370 -0.0008422908 0.0063920456
52 0.0014666083 -0.0005426902 -0.0003111642 -0.0020510184 -0.0006028209 0.0049249893
53 0.0013453080 -0.0003871433 -0.0003177870 -0.0011806857 -0.0007074311 0.0036700406
54 0.0011748699 -0.0003572062 -0.0002751627 -0.0007037550 -0.0007328181 0.0027026807
55 0.0009609364 -0.0003008710 -0.0002140883 -0.0005561400 -0.0006978757 0.0021665774
56 0.0007470452 -0.0002444018 -0.0001553595 -0.0005464192 -0.0006292328 0.0016953292
57 0.0005432738 -0.0001891653 -0.0000998769 -0.0005988937 -0.0005518466 0.0012125470
58 0.0003503434 -0.0001427988 -0.0000419712 -0.0007363950 -0.0004739935 0.0006459828
59 0.0001717206 -0.0001117792 0.0000261341 -0.0008334850 -0.0003666510 -0.0000140184
60 0.0000434275 -0.0000639583 0.0000402096 0.0002443467 -0.0001184241 -0.0003995385
61 0.0044022170 -0.0010387977 -0.0004481231 -0.0011849754 -0.0025277562 0.0060693062
62 0.0044251929 -0.0016214705 -0.0009512656 -0.0018562368 -0.0018517877 0.0046248304
63 0.0040691547 -0.0011620204 -0.0009699952 -0.0010354638 -0.0021746865 0.0033738707
64 0.0035501683 -0.0010700207 -0.0008413543 -0.0006222684 -0.0022682856 0.0024990214
65 0.0028916996 -0.0008981372 -0.0006511598 -0.0004995124 -0.0021882991 0.0020029301
66 0.0022251233 -0.0007335588 -0.0004568656 -0.0004981906 -0.0019876326 0.0015663006
67 0.0015935824 -0.0005748436 -0.0002727899 -0.0005504256 -0.0017192629 0.0011207184
68 0.0010139258 -0.0004349031 -0.0000992030 -0.0006763300 -0.0014250744 0.0005960884
69 0.0004949967 -0.0003331072 0.0000865877 -0.0007854961 -0.0010712575 -0.0000212286
70 0.0001257578 -0.0001876637 0.0001201773 0.0001858138 -0.0003561783 -0.0003694553
71 0.0072781061 -0.0017003641 -0.0007664931 -0.0009775370 -0.0042723937 0.0053911849
72 0.0073882741 -0.0026636668 -0.0016192119 -0.0014636966 -0.0032827944 0.0039738222
73 0.0068106898 -0.0019302631 -0.0016367476 -0.0007542689 -0.0038162118 0.0027608507
74 0.0059321611 -0.0017834196 -0.0014116271 -0.0004634899 -0.0039668993 0.0020724852
75 0.0048277680 -0.0014980025 -0.0010871397 -0.0003867699 -0.0038323304 0.0016536857
76 0.0037086442 -0.0012297259 -0.0007536970 -0.0004015637 -0.0034838518 0.0012894474
77 0.0026499828 -0.0009688693 -0.0004399925 -0.0004547279 -0.0030034712 0.0009204433
78 0.0016849899 -0.0007351570 -0.0001513379 -0.0005586423 -0.0024651897 0.0004838266
79 0.0008250218 -0.0005668324 0.0001558180 -0.0006832128 -0.0018390818 -0.0000437821
80 0.0002100887 -0.0003411572 0.0002308842 0.0000747709 -0.0006462125 -0.0003157479
81 0.0100426606 -0.0023108570 -0.0011117946 -0.0006422561 -0.0061509842 0.0042809223
82 0.0103686701 -0.0036478261 -0.0023303721 -0.0008689733 -0.0050740034 0.0028617001
83 0.0095823626 -0.0026929850 -0.0023237519 -0.0003592390 -0.0057855371 0.0017925468
84 0.0083239672 -0.0024987923 -0.0019852693 -0.0002346943 -0.0059791233 0.0013798011
85 0.0067734709 -0.0021046759 -0.0015180777 -0.0002189892 -0.0057729080 0.0010712877
86 0.0052015274 -0.0017389815 -0.0010408709 -0.0002576045 -0.0052465789 0.0008245257
87 0.0037169638 -0.0013782960 -0.0005968250 -0.0003122510 -0.0045140251 0.0005759011
88 0.0023694111 -0.0010501227 -0.0001952399 -0.0003878512 -0.0036792834 0.0002825607
89 0.0011671767 -0.0008187817 0.0002365509 -0.0005170235 -0.0027255920 -0.0000983748
90 0.0002980275 -0.0005467470 0.0003944985 -0.0000776438 -0.0010323110 -0.0002508325
91 0.0126183992 -0.0028512020 -0.0014804216 -0.0001401365 -0.0083119238 0.0025856972
92 0.0134010964 -0.0045684659 -0.0030773794 -0.0000726941 -0.0075122971 0.0010996841
93 0.0123943268 -0.0034664257 -0.0030184617 0.0001056751 -0.0083007290 0.0004206889
94 0.0107271809 -0.0032251359 -0.0025442521 0.0000576325 -0.0085364891 0.0003416968
95 0.0087344846 -0.0027308849 -0.0019273350 0.0000005840 -0.0082278734 0.0001768378
96 0.0067080321 -0.0022726544 -0.0013057839 -0.0000688863 -0.0074735649 0.0001041651
97 0.0047998096 -0.0018112016 -0.0007361640 -0.0001279644 -0.0064192252 0.0000263597
98 0.0030746114 -0.0013856430 -0.0002293321 -0.0001794632 -0.0052012074 -0.0000529602
99 0.0015284159 -0.0010894159 0.0003233451 -0.0002781768 -0.0038121504 -0.0002116324
100 0.0003916778 -0.0008267540 0.0006287188 -0.0002547279 -0.0015733763 -0.0001954260
101 -0.0138486466 0.0034055014 0.0010679287 -0.0007194067 0.0092343320 -0.0008263544
102 -0.0139634676 0.0053305193 0.0025021928 -0.0011021380 0.0121298035 -0.0000174375
103 -0.0126111391 0.0038290469 0.0026951148 -0.0006076938 0.0140054334 -0.0009763857
104 -0.0107504172 0.0035235027 0.0021731296 -0.0003629059 0.0146538411 -0.0009534765
105 -0.0086197437 0.0030587596 0.0014032986 -0.0002488051 0.0142755565 -0.0010565607
106 -0.0064774305 0.0026967847 0.0005684320 -0.0002192104 0.0130362142 -0.0010006218
107 -0.0044931976 0.0023325641 -0.0001849764 -0.0002323538 0.0111595557 -0.0009019159
108 -0.0027692400 0.0019732401 -0.0007889488 -0.0002664119 0.0089666632 -0.0007625482
109 -0.0013213328 0.0017263233 -0.0013897893 -0.0003222867 0.0067372407 -0.0006614442
110 -0.0003119090 0.0014994099 -0.0016908586 0.0003606254 0.0035323497 -0.0002259452
111 -0.0107074981 0.0026577996 0.0007631544 -0.0015824086 0.0071673157 -0.0006004355
112 -0.0108933331 0.0042111293 0.0018242061 -0.0024725309 0.0091051445 -0.0007868253
113 -0.0097566044 0.0030292080 0.0020126114 -0.0013866325 0.0106328716 -0.0015702256
114 -0.0083537607 0.0027405987 0.0016545092 -0.0007728522 0.0111857847 -0.0019056812
115 -0.0067006361 0.0023728881 0.0010932590 -0.0004590125 0.0109292345 -0.0020163607
116 -0.0050425466 0.0020743693 0.0004663664 -0.0003375368 0.0099983890 -0.0019517998
117 -0.0035022586 0.0017867742 -0.0001090597 -0.0003296029 0.0085676541 -0.0017643941
118 -0.0021626942 0.0015080075 -0.0005726019 -0.0003969592 0.0068941429 -0.0015175338
119 -0.0010519576 0.0013021120 -0.0010186310 -0.0004735986 0.0051678752 -0.0012129758
120 -0.0002648659 0.0010455357 -0.0011311316 0.0011396803 0.0025451509 -0.0005451310
121 -0.0076233745 0.0019003947 0.0005174464 -0.0021905896 0.0051074893 -0.0003344544
122 -0.0077904300 0.0030355264 0.0012533273 -0.0034881375 0.0063186889 -0.0012757186
123 -0.0069496864 0.0021864476 0.0014053855 -0.0020128471 0.0074343677 -0.0019636487
124 -0.0059605395 0.0019540786 0.0011722845 -0.0011067639 0.0078633931 -0.0025108306
125 -0.0047852316 0.0016877397 0.0007884283 -0.0006342413 0.0077050169 -0.0026608650
126 -0.0036024223 0.0014685079 0.0003480504 -0.0004354044 0.0070617559 -0.0025851626
127 -0.0025026188 0.0012628729 -0.0000620579 -0.0004034993 0.0060523350 -0.0023481163
128 -0.0015469922 0.0010643876 -0.0003906434 -0.0004969032 0.0048677131 -0.0020261370
129 -0.0007609296 0.0009044951 -0.0006925841 -0.0005317917 0.0036311889 -0.0015913125
130 -0.0001990894 0.0006835441 -0.0007154963 0.0017063881 0.0017132147 -0.0007918265
131 -0.0045675478 0.0011406809 0.0003009299 -0.0025760410 0.0030561130 -0.0001234766
132 -0.0046779777 0.0018308760 0.0007355859 -0.0041560321 0.0037136214 -0.0015658173
133 -0.0041655479 0.0013189115 0.0008347354 -0.0024473459 0.0043915653 -0.0022036277
134 -0.0035748546 0.0011679109 0.0007048619 -0.0013395137 0.0046701440 -0.0028713631
135 -0.0028712285 0.0010065236 0.0004801848 -0.0007573628 0.0045937778 -0.0030580403
136 -0.0021596843 0.0008759673 0.0002136079 -0.0005035609 0.0042203182 -0.0029753124
137 -0.0014977557 0.0007564666 -0.0000386250 -0.0004540082 0.0036114430 -0.0027106637
138 -0.0009246415 0.0006374930 -0.0002348765 -0.0005645831 0.0028887596 -0.0023415916
139 -0.0004570996 0.0005309293 -0.0004016161 -0.0005479053 0.0021364072 -0.0018297717
140 -0.0001223223 0.0003803331 -0.0003881618 0.0020764017 0.0009799745 -0.0009584385
141 -0.0015248784 0.0003806201 0.0000996437 -0.0027626598 0.0010101661 -0.0000097907
142 -0.0015636080 0.0006116724 0.0002451963 -0.0044866887 0.0012188171 -0.0017012740
143 -0.0013920033 0.0004380588 0.0002825789 -0.0026691618 0.0014516601 -0.0023174737
144 -0.0011948680 0.0003825327 0.0002444753 -0.0014585596 0.0015620032 -0.0030404053
145 -0.0009579941 0.0003284631 0.0001689171 -0.0008203472 0.0015579563 -0.0032476123
146 -0.0007156600 0.0002917717 0.0000687335 -0.0005381535 0.0014430525 -0.0031616167
147 -0.0004900698 0.0002616023 -0.0000299759 -0.0004800631 0.0012209362 -0.0028843748
148 -0.0002982594 0.0002217226 -0.0000954646 -0.0005990297 0.0009427569 -0.0024931100
149 -0.0001465057 0.0001734974 -0.0001329102 -0.0005497183 0.0006723045 -0.0019455700
150 -0.0000397858 0.0001101725 -0.0001099721 0.0022595586 0.0003015188 -0.0010419355
151 0.0015139521 -0.0003794167 -0.0000968366 -0.0027626548 -0.0010340156 -0.0000096139
152 0.0015509210 -0.0006119865 -0.0002366314 -0.0044867189 -0.0012393061 -0.0017012759
153 0.0013784194 -0.0004470144 -0.0002638307 -0.0026691843 -0.0014527439 -0.0023175764
154 0.0011830512 -0.0004025391 -0.0002137014 -0.0014584741 -0.0015167567 -0.0030406712
155 0.0009549029 -0.0003485030 -0.0001433489 -0.0008200283 -0.0014515201 -0.0032477183
156 0.0007287475 -0.0002895109 -0.0000797789 -0.0005377895 -0.0013115144 -0.0031611542
157 0.0005185946 -0.0002292474 -0.0000262305 -0.0004819334 -0.0011519981 -0.0028837263
158 0.0003295639 -0.0001901358 0.0000384813 -0.0006009467 -0.0009916475 -0.0024936211
159 0.0001662247 -0.0001782457 0.0001281040 -0.0005496390 -0.0007812454 -0.0019460096
160 0.0000445241 -0.0001493718 0.0001524988 0.0022603886 -0.0003597006 -0.0010413170
161 0.0045566429 -0.0011394580 -0.0002981477 -0.0025760237 -0.0030800677 -0.0001229559
162 0.0046653550 -0.0018311629 -0.0007270734 -0.0041561131 -0.0037343216 -0.0015658327
163 0.0041519904 -0.0013278554 -0.0008159848 -0.0024474079 -0.0043929843 -0.0022039132
164 0.0035629168 -0.0011880131 -0.0006738619 -0.0013392814 -0.0046250839 -0.0028721252
165 0.0028679096 -0.0010267695 -0.0004542975 -0.0007564623 -0.0044867680 -0.0030583488
166 0.0021727336 -0.0008734352 -0.0002248701 -0.0005028002 -0.0040876751 -0.0029739561
167 0.0015265664 -0.0007242744 -0.0000171828 -0.0004581768 -0.0035423204 -0.0027088818
168 0.0009562706 -0.0006060243 0.0001782363 -0.0005688722 -0.0029378358 -0.0023429764
169 0.0004768830 -0.0005354885 0.0003965889 -0.0005479233 -0.0022468411 -0.0018311079
170 0.0001269690 -0.0004197644 0.0004311209 0.0020787219 -0.0010393089 -0.0009566549
171 0.0076125076 -0.0018991347 -0.0005147109 -0.0021905546 -0.0051316554 -0.0003336211
172 0.0077779425 -0.0030357632 -0.0012449180 -0.0034882417 -0.0063398079 -0.0012757764
173 0.0069361883 -0.0021953738 -0.0013866289 -0.0020129301 -0.0074364690 -0.0019640467
174 0.0059483620 -0.0019743893 -0.0011408103 -0.0011064588 -0.0078187356 -0.0025119838
175 0.0047814417 -0.0017083948 -0.0007619046 -0.0006329440 -0.0075968716 -0.0026613343
176 0.0036153708 -0.0014656090 -0.0003594041 -0.0004351151 -0.0069269141 -0.0025830590
177 0.0025320274 -0.0012308999 0.0000058074 -0.0004059652 -0.0059821255 -0.0023456890
178 0.0015793034 -0.0010330441 0.0003334443 -0.0004995129 -0.0049178627 -0.0020279512
179 0.0007808062 -0.0009088265 0.0006874319 -0.0005325352 -0.0037445699 -0.0015935357
180 0.0002035252 -0.0007235057 0.0007594095 0.0017096699 -0.0017749302 -0.0007891267
181 0.0106966749 -0.0026564893 -0.0007604795 -0.0015823547 -0.0071918022 -0.0005993516
182 0.0108810660 -0.0042113035 -0.0018159491 -0.0024726094 -0.0091268781 -0.0007869756
183 0.0097432106 -0.0030381191 -0.0019938355 -0.0013867150 -0.0106360280 -0.0015706123
184 0.0083412298 -0.0027612772 -0.0016222915 -0.0007725250 -0.0111417933 -0.0019070559
185 0.0066961034 -0.0023941023 -0.0010656540 -0.0004580127 -0.0108194853 -0.0020168812
186 0.0050552686 -0.0020716431 -0.0004776043 -0.0003371449 -0.0098599752 -0.0019493669
187 0.0035326390 -0.0017529875 0.0000512156 -0.0003321249 -0.0084952615 -0.0017618134
188 0.0021961275 -0.0014747041 0.0005136243 -0.0003995884 -0.0069464195 -0.0015193557
189 0.0010718677 -0.0013067420 0.0010134760 -0.0004740844 -0.0052858728 -0.0012158572
190 0.0002689150 -0.0010864413 0.0011768118 0.0011427614 -0.0026105630 -0.0005420479
191 0.0138378534 -0.0034041398 -0.0010653172 -0.0007193514 -0.0092592535 -0.0008251341
192 0.0139515356 -0.0053306292 -0.0024941348 -0.0011021320 -0.0121523185 -0.0000177411
193 0.0125979045 -0.0038379830 -0.0026762863 -0.0006076934 -0.0140100448 -0.0009765958
194 0.0107374405 -0.0035447001 -0.0021398432 -0.0003627484 -0.0146108849 -0.0009547724
195 0.0086141237 -0.0030809763 -0.0013739484 -0.0002486551 -0.0141638217 -0.0010571123
196 0.0064897548 -0.0026940860 -0.0005794330 -0.0002192423 -0.0128925282 -0.0009983101
197 0.0045249818 -0.0022976720 0.0001250111 -0.0002336842 -0.0110840384 -0.0008994160
198 0.0028043461 -0.0019386386 0.0007275890 -0.0002677927 -0.0090219299 -0.0007642461
199 0.0013411238 -0.0017309771 0.0013845554 -0.0003224097 -0.0068617347 -0.0006646787
200 0.0003152587 -0.0015421388 0.0017396153 0.0003622197 -0.0036029716 -0.0002233479
201 -0.0161153315 0.0042510802 0.0007100019 -0.0007694885 0.0082394563 -0.0024712334
202 -0.0149506455 0.0065719640 0.0017379839 -0.0012843391 0.0120312476 -0.0003427094
203 -0.0130108451 0.0045290601 0.0019671743 -0.0008217752 0.0150355273 -0.0013505802
204 -0.0107991659 0.0040479487 0.0015241371 -0.0004548460 0.0161830950 -0.0011941680
205 -0.0084091708 0.0035027963 0.0006777214 -0.0002074620 0.0159840143 -0.0012593288
206 -0.0060691941 0.0031879558 -0.0003364590 -0.0000784730 0.0146801563 -0.0011534112
207 -0.0039671999 0.0029053073 -0.0012651466 -0.0000312028 0.0125332697 -0.0009944677
208 -0.0022451602 0.0025731670 -0.0019095101 -0.0000054101 0.0100386489 -0.0007820361
209 -0.0009367263 0.0022741693 -0.0023524974 0.0000203123 0.0077906151 -0.0005915171
210 -0.0001558343 0.0020302857 -0.0025131461 0.0010185049 0.0043768001 -0.0001432453
211 -0.0123370366 0.0032529885 0.0005298794 -0.0018499834 0.0065144028 -0.0027123344
212 -0.0117132644 0.0051345902 0.0012993350 -0.0031181351 0.0091601862 -0.0020420825
213 -0.0100770825 0.0035882716 0.0014831381 -0.0019894264 0.0115321382 -0.0024685971
214 -0.0084013286 0.0031443841 0.0011719026 -0.0010444893 0.0124734017 -0.0026174080
215 -0.0065450639 0.0027166443 0.0005492502 -0.0004018292 0.0123616666 -0.0025917530
216 -0.0047352852 0.0024490027 -0.0002160387 -0.0000329960 0.0113817352 -0.0024052834
217 -0.0031057454 0.0022233102 -0.0009260930 0.0001253755 0.0097332029 -0.0020709747
218 -0.0017697493 0.0019614851 -0.0014165882 0.0001748148 0.0078068197 -0.0016531095
219 -0.0007639398 0.0017085011 -0.0017362423 0.0002639574 0.0060251406 -0.0011675266
220 -0.0001457539 0.0014537460 -0.0017796536 0.0026784927 0.0031467229 -0.0004363189
221 -0.0087188569 0.0022932583 0.0003641758 -0.0025849234 0.0047082543 -0.0027673531
222 -0.0083918890 0.0036732010 0.0008971661 -0.0044055666 0.0064447999 -0.0032636982
223 -0.0071874370 0.0025950615 0.0010350211 -0.0028421165 0.0081493693 -0.0033769093
224 -0.0059983101 0.0022405650 0.0008338903 -0.0014701729 0.0088545184 -0.0036567159
225 -0.0046793963 0.0019303197 0.0004084346 -0.0005379679 0.0088048706 -0.0036063470
226 -0.0033889331 0.0017333946 -0.0001313460 0.0000087920 0.0081277908 -0.0033421158
227 -0.0022263995 0.0015722894 -0.0006385224 0.0002520548 0.0069542661 -0.0028829080
228 -0.0012742886 0.0013842501 -0.0009836434 0.0003106965 0.0055712912 -0.0023028509
229 -0.0005618961 0.0011864695 -0.0011901247 0.0005134203 0.0042648693 -0.0016033643
230 -0.0001162889 0.0009661275 -0.0011691544 0.0038416483 0.0021224259 -0.0006816668
231 -0.0051971587 0.0013634630 0.0002129801 -0.0030452667 0.0028432077 -0.0027568533
232 -0.0050410013 0.0022037881 0.0005274021 -0.0052304377 0.0038263276 -0.0040487060
233 -0.0043114383 0.0015661573 0.0006160433 -0.0034047310 0.0048530456 -0.0040063559
234 -0.0035986036 0.0013358010 0.0005081917 -0.0017506651 0.0052976144 -0.0043392628
235 -0.0028103667 0.0011468984 0.0002603911 -0.0006266350 0.0052932739 -0.0042839880
236 -0.0020343439 0.0010339206 -0.0000710507 0.0000385672 0.0049042935 -0.0039643813
237 -0.0013342843 0.0009458801 -0.0003880904 0.0003442257 0.0041897758 -0.0034233032
238 -0.0007635237 0.0008329018 -0.0005936415 0.0004081214 0.0033306488 -0.0027329032
239 -0.0003404554 0.0006973320 -0.0006948584 0.0007078929 0.0025180202 -0.0018954334
240 -0.0000741689 0.0005390885 -0.0006464115 0.0045849010 0.0012146767 -0.0008555399
241 -0.0017274017 0.0004522946 0.0000704166 -0.0032673481 0.0009430518 -0.0027395171
242 -0.0016817289 0.0007329124 0.0001765735 -0.0056339074 0.0012616928 -0.0044318016
243 -0.0014389237 0.0005171197 0.0002137631 -0.0036848712 0.0016093006 -0.0043266725
244 -0.0012023176 0.0004302532 0.0001892904 -0.0018903390 0.0017779089 -0.0046781485
245 -0.0009391358 0.0003662591 0.0001076567 -0.0006704306 0.0018091595 -0.0046223463
246 -0.0006748803 0.0003442175 -0.0000255596 0.0000546696 0.0016997694 -0.0042742717
247 -0.0004344668 0.0003349574 -0.0001618831 0.0003950707 0.0014350362 -0.0036925361
248 -0.0002431731 0.0002975666 -0.0002311548 0.0004617705 0.0010862460 -0.0029468529
249 -0.0001079272 0.0002287452 -0.0002303813 0.0008134928 0.0007822461 -0.0020420142
250 -0.0000249357 0.0001470828 -0.0001750392 0.0049485749 0.0003663876 -0.0009450048
251 0.0017259446 -0.0004525933 -0.0000693341 -0.0032673183 -0.0009687329 -0.0027394144
252 0.0016790575 -0.0007379330 -0.0001681480 -0.0056339195 -0.0012856576 -0.0044317035
253 0.0014330371 -0.0005383568 -0.0001831769 -0.0036848379 -0.0016168854 -0.0043268667
254 0.0011926256 -0.0004756118 -0.0001273952 -0.0018900482 -0.0017294714 -0.0046787924
255 0.0009326567 -0.0004134586 -0.0000464637 -0.0006700225 -0.0016655127 -0.0046226151
256 0.0006861495 -0.0003421110 0.0000147781 0.0000567213 -0.0014974201 -0.0042735421
257 0.0004681406 -0.0002685310 0.0000539281 0.0004008315 -0.0013156161 -0.0036918163
258 0.0002806731 -0.0002301773 0.0001198462 0.0004674392 -0.0011600173 -0.0029472903
259 0.0001282363 -0.0002327561 0.0002235424 0.0008150116 -0.0009503405 -0.0020424220
260 0.0000265478 -0.0002336130 0.0002796830 0.0049502910 -0.0004640894 -0.0009444249
261 0.0051957534 -0.0013637593 -0.0002119304 -0.0030451803 -0.0028689509 -0.0027565570
262 0.0050384411 -0.0022087703 -0.0005190842 -0.0052304667 -0.0038504745 -0.0040484223
263 0.0043056241 -0.0015872933 -0.0005855638 -0.0034046150 -0.0048611001 -0.0040068934
264 0.0035886878 -0.0013812219 -0.0004460298 -0.0017498555 -0.0052497838 -0.0043411021
265 0.0028033393 -0.0011946353 -0.0001982957 -0.0006255573 -0.0051491565 -0.0042848074
266 0.0020454141 -0.0010315129 0.0000596120 0.0000445722 -0.0046991942 -0.0039621997
267 0.0013686899 -0.0008731714 0.0002747079 0.0003555670 -0.0040688637 -0.0034207375
268 0.0008018415 -0.0007592305 0.0004768456 0.0004192202 -0.0034057947 -0.0027346735
269 0.0003608543 -0.0007010167 0.0006871445 0.0007123733 -0.0026893285 -0.0018967102
270 0.0000756252 -0.0006261197 0.0007518412 0.0045896917 -0.0013138593 -0.0008538459
271 0.0087175502 -0.0022935488 -0.0003631909 -0.0025847932 -0.0047341230 -0.0027669000
272 0.0083895551 -0.0036781109 -0.0008890624 -0.0044055902 -0.0064692978 -0.0032632650
273 0.0071817858 -0.0026159988 -0.0010047683 -0.0028418726 -0.0081583690 -0.0033776588
274 0.0059879579 -0.0022860976 -0.0007711998 -0.0014690385 -0.0088079721 -0.0036594584
275 0.0046712213 -0.0019791886 -0.0003444688 -0.0005365818 -0.0086598293 -0.0036077597
276 0.0033995995 -0.0017301389 0.0001183767 0.0000174860 -0.0079172721 -0.0033384892
277 0.0022622915 -0.0014911645 0.0005191160 0.0002581532 -0.0068314181 -0.0028777649
278 0.0013142640 -0.0013021648 0.0008607054 0.0003164959 -0.0056481118 -0.0023068411
279 0.0005824653 -0.0011892628 0.0011804486 0.0005198654 -0.0044424839 -0.0016056844
280 0.0001173870 -0.0010541968 0.0012762090 0.0038484432 -0.0022247319 -0.0006790060
281 0.0123358647 -0.0032532689 -0.0005289911 -0.0018498357 -0.0065404628 -0.0027117933
282 0.0117112802 -0.0051394001 -0.0012915473 -0.0031181287 -0.0091851776 -0.0020415717
283 0.0100717206 -0.0036089258 -0.0014532707 -0.0019889559 -0.0115425619 -0.0024693551
284 0.0083903572 -0.0031900415 -0.0011083716 -0.0010435020 -0.0124289842 -0.0026205288
285 0.0065350366 -0.0027673721 -0.0004826447 -0.0004000302 -0.0122151795 -0.0025937897
286 0.0047453073 -0.0024438343 0.0002020599 -0.0000280554 -0.0111638760 -0.0024002767
287 0.0031439468 -0.0021392328 0.0008001451 0.0001361044 -0.0096062335 -0.0020637903
288 0.0018122894 -0.0018764503 0.0012869382 0.0001852934 -0.0078873097 -0.0016590399
289 0.0007847164 -0.0017093314 0.0017248858 0.0002665889 -0.0062112863 -0.0011711248
290 0.0001461890 -0.0015434780 0.0018890600 0.0026857985 -0.0032543079 -0.0004330052
291 0.0161143124 -0.0042513376 -0.0007092405 -0.0007693891 -0.0082657849 -0.0024707103
292 0.0149491460 -0.0065766722 -0.0017306099 -0.0012842436 -0.0120568252 -0.0003422672
293 0.0130059584 -0.0045493152 -0.0019378816 -0.0008210889 -0.0150478892 -0.0013510359
294 0.0107874256 -0.0040939152 -0.0014594900 -0.0004541860 -0.0161417875 -0.0011970388
295 0.0083965050 -0.0035553150 -0.0006076899 -0.0002073675 -0.0158358825 -0.0012614175
296 0.0060780321 -0.0031837165 0.0003232658 -0.0000772889 -0.0144529082 -0.0011484595
297 0.0040088124 -0.0028130609 0.0011307366 -0.0000241852 -0.0123984746 -0.0009873369
298 0.0022914539 -0.0024799826 0.0017711930 0.0000014525 -0.0101262719 -0.0007881639
299 0.0009574289 -0.0022757908 0.0023409429 0.0000203337 -0.0079873609 -0.0005953894
300 0.0001552413 -0.0021217932 0.0026257593 0.0010221219 -0.0044923537 -0.0001402615
301 -0.0182770974 0.0050378278 0.0004289504 -0.0007199722 0.0075660524 -0.0035612874
302 -0.0162225095 0.0078335957 0.0010722956 -0.0012528531 0.0116711541 -0.0006785355
303 -0.0135998693 0.0053455691 0.0012548280 -0.0008492641 0.0152945660 -0.0017305883
304 -0.0109435644 0.0045766575 0.0009366425 -0.0004299585 0.0169931767 -0.0014477627
305 -0.0082183124 0.0038061880 0.0001578632 -0.0000812005 0.0171229519 -0.0014693536
306 -0.0056095999 0.0034300997 -0.0009419903 0.0001482403 0.0159038118 -0.0013099423
307 -0.0033401673 0.0031933804 -0.0020210623 0.0002605589 0.0135022671 -0.0010728245
308 -0.0016469003 0.0028037697 -0.0025690688 0.0003393435 0.0105544709 -0.0007457058
309 -0.0005732429 0.0022870563 -0.0025945649 0.0004177846 0.0081592111 -0.0004671932
310 -0.0000516139 0.0019412071 -0.0024778179 0.0015347486 0.0046566530 -0.0000842757
311 -0.0139333093 0.0038126029 0.0003378645 -0.0018090854 0.0060203950 -0.0040917065
312 -0.0127382203 0.0060590788 0.0008340901 -0.0031565967 0.0089144251 -0.0030298865
313 -0.0105425168 0.0042018032 0.0009718760 -0.0021180705 0.0117306259 -0.0032315104
314 -0.0085230999 0.0035314098 0.0007450855 -0.0010228654 0.0130839271 -0.0032053971
315 -0.0064037714 0.0029343933 0.0001722234 -0.0001168793 0.0132283006 -0.0030466353
316 -0.0043864381 0.0026206648 -0.0006623627 0.0005171137 0.0123252047 -0.0027340254
317 -0.0026292959 0.0024350378 -0.0014947765 0.0008528565 0.0104870097 -0.0022282332
318 -0.0013153035 0.0021281379 -0.0019123485 0.0010160109 0.0082121178 -0.0016067618
319 -0.0004828671 0.0017100285 -0.0019135380 0.0011981061 0.0063074550 -0.0009785472
320 -0.0000607329 0.0014150768 -0.0017924139 0.0039099515 0.0033319222 -0.0003055010
321 -0.0098179161 0.0026669003 0.0002424157 -0.0025790200 0.0043705359 -0.0043122418
322 -0.0091350715 0.0043049324 0.0005948808 -0.0045374334 0.0062833866 -0.0046981534
323 -0.0075261505 0.0030234942 0.0006946402 -0.0030676273 0.0082867869 -0.0044392378
324 -0.0060894653 0.0025042921 0.0005490758 -0.0014653520 0.0092763854 -0.0044812962
325 -0.0045833028 0.0020728185 0.0001604127 -0.0001398346 0.0094136355 -0.0042418944
326 -0.0031447954 0.0018466676 -0.0004353202 0.0007948158 0.0088053077 -0.0037917871
327 -0.0018910476 0.0017295813 -0.0010441362 0.0013043283 0.0074983806 -0.0030922415
328 -0.0009541006 0.0015089404 -0.0013382833 0.0015214710 0.0058583176 -0.0022490449
329 -0.0003625336 0.0011827677 -0.0013107863 0.0018526612 0.0044555895 -0.0013666487
330 -0.0000543575 0.0009464081 -0.0011911636 0.0056148720 0.0022362439 -0.0004867550
331 -0.0058400419 0.0015776393 0.0001451701 -0.0030682443 0.0026466276 -0.0043944938
332 -0.0054883170 0.0025716907 0.0003565144 -0.0054308756 0.0037339024 -0.0057649585
333 -0.0045166854 0.0018187702 0.0004219512 -0.0036956842 0.0049309939 -0.0052753553
334 -0.0036549513 0.0014851914 0.0003504399 -0.0017573855 0.0055411115 -0.0053205741
335 -0.0027559762 0.0012200736 0.0001294831 -0.0001516194 0.0056573307 -0.0050415953
336 -0.0018906049 0.0010974104 -0.0002458539 0.0009837098 0.0053273523 -0.0044941315
337 -0.0011332889 0.0010543355 -0.0006455194 0.0015998027 0.0045298861 -0.0036659701
338 -0.0005713258 0.0009219856 -0.0008213461 0.0018511127 0.0034953414 -0.0026772265
339 -0.0002218935 0.0006933510 -0.0007646434 0.0023200699 0.0026162916 -0.0016285325
340 -0.0000375986 0.0005198156 -0.0006507402 0.0067157785 0.0012715306 -0.0006144944
341 -0.0019363205 0.0005218322 0.0000478931 -0.0033056945 0.0008787721 -0.0044193679
342 -0.0018280568 0.0008531216 0.0001202561 -0.0058692380 0.0012298836 -0.0062848092
343 -0.0015055723 0.0005981943 0.0001528805 -0.0040079911 0.0016282633 -0.0057012589
344 -0.0012215895 0.0004692774 0.0001509633 -0.0019024083 0.0018487176 -0.0057387623
345 -0.0009244118 0.0003729608 0.0000875990 -0.0001560219 0.0019361860 -0.0054423761
346 -0.0006289481 0.0003629747 -0.0000790507 0.0010804290 0.0018751816 -0.0048436999
347 -0.0003636840 0.0003963236 -0.0002758621 0.0017539326 0.0015739158 -0.0039513996
348 -0.0001752312 0.0003533875 -0.0003364897 0.0020222451 0.0011263969 -0.0028920128
349 -0.0000694791 0.0002274598 -0.0002530711 0.0025633853 0.0007876735 -0.0017613150
350 -0.0000149191 0.0001185077 -0.0001471652 0.0072564834 0.0003736324 -0.0006801334
351 0.0019439350 -0.0005229111 -0.0000492533 -0.0033056644 -0.0009036326 -0.0044193134
352 0.0018349654 -0.0008602278 -0.0001150980 -0.0058692817 -0.0012595860 -0.0062845640
353 0.0015068650 -0.0006275381 -0.0001149446 -0.0040081975 -0.0016569439 -0.0057012924
354 0.0012111558 -0.0005457469 -0.0000486663 -0.0019021951 -0.0018298684 -0.0057401962
355 0.0009081981 -0.0004724608 0.0000425874 -0.0001551101 -0.0017732875 -0.0054436507
356 0.0006350179 -0.0003668196 0.0000805449 0.0010820341 -0.0015668917 -0.0048411696
357 0.0004103539 -0.0002556249 0.0000810247 0.0017747595 -0.0013746996 -0.0039498756
358 0.0002258620 -0.0002088120 0.0001345544 0.0020429898 -0.0012476605 -0.0028931486
359 0.0000867479 -0.0002306898 0.0002470733 0.0025648423 -0.0010383282 -0.0017631049
360 0.0000095503 -0.0002745573 0.0003443934 0.0072580816 -0.0005040614 -0.0006795730
361 0.0058477199 -0.0015787199 -0.0001465749 -0.0030681561 -0.0026714881 -0.0043943453
362 0.0054953908 -0.0025787881 -0.0003514967 -0.0054309926 -0.0037636870 -0.0057642597
363 0.0045182017 -0.0018478975 -0.0003843358 -0.0036962503 -0.0049601819 -0.0052754065
364 0.0036442573 -0.0015614288 -0.0002481034 -0.0017567202 -0.0055236159 -0.0053246480
365 0.0027386175 -0.0013203400 0.0000021862 -0.0001492533 -0.0054946941 -0.0050452887
366 0.0018959775 -0.0011025856 0.0002489206 0.0009879932 -0.0050142918 -0.0044871286
367 0.0011815763 -0.0009094810 0.0004375650 0.0016603581 -0.0043202744 -0.0036615219
368 0.0006236960 -0.0007733674 0.0006063130 0.0019114282 -0.0036267966 -0.0026806109
369 0.0002389277 -0.0006976407 0.0007596268 0.0023238925 -0.0028715700 -0.0016333239
370 0.0000317699 -0.0006763810 0.0008489167 0.0067202682 -0.0014026974 -0.0006129117
371 0.0098257152 -0.0026679779 -0.0002439131 -0.0025788830 -0.0043953973 -0.0043120412
372 0.0091424713 -0.0043120111 -0.0005901443 -0.0045375824 -0.0063133171 -0.0046971195
373 0.0075281457 -0.0030522050 -0.0006576801 -0.0030684000 -0.0083169563 -0.0044391663
374 0.0060783061 -0.0025800150 -0.0004467637 -0.0014641173 -0.0092616714 -0.0044873199
375 0.0045635897 -0.0021745601 -0.0000256257 -0.0001374093 -0.0092518872 -0.0042475770
376 0.0031485105 -0.0018553124 0.0004416672 0.0008025089 -0.0084820637 -0.0037820788
377 0.0019428162 -0.0015685457 0.0008080001 0.0013832088 -0.0072703385 -0.0030842511
378 0.0010101771 -0.0013443891 0.0010951276 0.0015999864 -0.0060077846 -0.0022556008
379 0.0003788636 -0.0011900564 0.0013079406 0.0018595288 -0.0047207642 -0.0013727331
380 0.0000475813 -0.0011037995 0.0013911475 0.0056210823 -0.0023685875 -0.0004844166
381 0.0139412772 -0.0038136580 -0.0003395048 -0.0018089365 -0.0060452643 -0.0040915131
382 0.0127460936 -0.0060661258 -0.0008297854 -0.0031566932 -0.0089445192 -0.0030287374
383 0.0105453119 -0.0042299325 -0.0009359046 -0.0021188599 -0.0117621999 -0.0032311206
384 0.0085113866 -0.0036062216 -0.0006432014 -0.0010206271 -0.0130735107 -0.0032121594
385 0.0063803636 -0.0030383737 -0.0000317179 -0.0001177175 -0.0130689798 -0.0030536009
386 0.0043870544 -0.0026350240 0.0006700233 0.0005354032 -0.0119843009 -0.0027242062
387 0.0026868592 -0.0022420645 0.0012336252 0.0008798065 -0.0102422827 -0.0022135699
388 0.0013774490 -0.0019320567 0.0016442896 0.0010425849 -0.0083776090 -0.0016201260
389 0.0004976024 -0.0017225406 0.0019106121 0.0012150922 -0.0065898735 -0.0009835465
390 0.0000524822 -0.0015733110 0.0019953241 0.0039150827 -0.0034650991 -0.0003026522
391 0.0182852671 -0.0050388357 -0.0004307933 -0.0007198517 -0.0075909491 -0.0035611744
392 0.0162309792 -0.0078405483 -0.0010685672 -0.0012528904 -0.0117013775 -0.0006775816
393 0.0136038683 -0.0053731344 -0.0012202760 -0.0008494290 -0.0153277985 -0.0017298220
394 0.0109314576 -0.0046495255 -0.0008356799 -0.0004276980 -0.0169890204 -0.0014530785
395 0.0081895109 -0.0039152574 -0.0000094321 -0.0000824622 -0.0169676842 -0.0014775678
396 0.0056053551 -0.0034424341 0.0009507796 0.0001528406 -0.0155397949 -0.0013005624
397 0.0034062334 -0.0029990877 0.0017441896 0.0002774182 -0.0132405918 -0.0010503344
398 0.0017177353 -0.0026068732 0.0022854417 0.0003558871 -0.0107359699 -0.0007677131
399 0.0005852862 -0.0022975622 0.0025914410 0.0004212037 -0.0084641293 -0.0004711388
400 0.0000411380 -0.0021011716 0.0026837411 0.0015397875 -0.0047906597 -0.0000800954
401 -0.0203506223 0.0057538677 0.0002310203 -0.0006751334 0.0071635130 -0.0044170463
402 -0.0175759251 0.0089653533 0.0006083170 -0.0011696801 0.0113948636 -0.0009417192
403 -0.0143338504 0.0060493833 0.0007775018 -0.0007757792 0.0153634862 -0.0020809710
404 -0.0112042722 0.0049394771 0.0006422837 -0.0003148334 0.0175112933 -0.0017068499
405 -0.0080894522 0.0037824698 0.0000943329 0.0001305322 0.0180597703 -0.0017031483
406 -0.0051296670 0.0031808285 -0.0009433525 0.0004992270 0.0170981125 -0.0015080735
407 -0.0025896436 0.0029211325 -0.0021581821 0.0007416000 0.0144297290 -0.0012036845
408 -0.0009375622 0.0024030676 -0.0025122824 0.0008527343 0.0105962144 -0.0006177727
409 -0.0002017786 0.0016069744 -0.0019680052 0.0008714798 0.0079074297 -0.0002868918
410 0.0000228077 0.0011749817 -0.0015538937 0.0019216648 0.0045215534 -0.0000233435
411 -0.0154763604 0.0043402654 0.0001899907 -0.0017133751 0.0057101600 -0.0051627396
412 -0.0138166051 0.0069124043 0.0004933481 -0.0029973235 0.0087193251 -0.0038378123
413 -0.0111158838 0.0047400036 0.0006246967 -0.0019962806 0.0117883034 -0.0039334696
414 -0.0087317541 0.0038006671 0.0005322067 -0.0008164813 0.0134689104 -0.0038070936
415 -0.0063086584 0.0029032311 0.0001475105 0.0003408308 0.0139214711 -0.0035659205
416 -0.0040216209 0.0024002987 -0.0006258424 0.0013278170 0.0132311588 -0.0031582973
417 -0.0020643246 0.0022279342 -0.0015878310 0.0020451252 0.0112089714 -0.0024507153
418 -0.0007808822 0.0018228447 -0.0018596287 0.0022784097 0.0082405487 -0.0014314472
419 -0.0001931033 0.0011693790 -0.0014107917 0.0022401809 0.0061244612 -0.0006748187
420 0.0000023116 0.0008543504 -0.0011174291 0.0047730628 0.0032469918 -0.0001488614
421 -0.0108858612 0.0030263068 0.0001408821 -0.0024488683 0.0041510816 -0.0055086022
422 -0.0099125879 0.0048960933 0.0003631291 -0.0043244658 0.0061538726 -0.0058935152
423 -0.0079388160 0.0034013062 0.0004596893 -0.0029090700 0.0083283253 -0.0054233065
424 -0.0062403255 0.0026869303 0.0004086254 -0.0011927213 0.0095361061 -0.0053352830
425 -0.0045194844 0.0020351642 0.0001657498 0.0004991660 0.0098862685 -0.0049825295
426 -0.0028905918 0.0016725417 -0.0003817766 0.0019707770 0.0094543151 -0.0043866169
427 -0.0014957405 0.0016015403 -0.0011375749 0.0029758666 0.0080409572 -0.0033774810
428 -0.0005797071 0.0013118766 -0.0013303816 0.0032917014 0.0058522594 -0.0020504795
429 -0.0001578228 0.0007897821 -0.0009382400 0.0033546586 0.0043206934 -0.0009728048
430 -0.0000083775 0.0005586628 -0.0007235873 0.0068322809 0.0021883859 -0.0002477319
431 -0.0064669386 0.0017860721 0.0000858686 -0.0029204721 0.0025166402 -0.0056606115
432 -0.0059550106 0.0029184368 0.0002218446 -0.0051900599 0.0036591883 -0.0072072324
433 -0.0047646400 0.0020427004 0.0002857200 -0.0035168901 0.0049522799 -0.0064530033
434 -0.0037452644 0.0015874963 0.0002754205 -0.0014444377 0.0056802735 -0.0063409824
435 -0.0027215098 0.0011766966 0.0001607300 0.0006048026 0.0059252484 -0.0059325625
436 -0.0017435344 0.0009818941 -0.0001941060 0.0024082711 0.0057441905 -0.0052006852
437 -0.0008964110 0.0010382912 -0.0007655415 0.0035838168 0.0049019350 -0.0039848309
438 -0.0003469579 0.0008652224 -0.0008817733 0.0039531655 0.0034488279 -0.0024728558
439 -0.0001036829 0.0004522117 -0.0005293781 0.0041344906 0.0025114270 -0.0011767217
440 -0.0000124466 0.0002801654 -0.0003592593 0.0081697891 0.0012518632 -0.0003150053
441 -0.0021407226 0.0005902447 0.0000272515 -0.0031507528 0.0008372913 -0.0057167980
442 -0.0019805990 0.0009677154 0.0000737774 -0.0056169506 0.0012040773 -0.0078469747
443 -0.0015853969 0.0006728917 0.0001061290 -0.0038205143 0.0016270251 -0.0069765182
444 -0.0012498915 0.0004953633 0.0001362314 -0.0015709074 0.0018699835 -0.0068420621
445 -0.0009183733 0.0003243927 0.0001425265 0.0006593268 0.0020086588 -0.0064114197
446 -0.0005868322 0.0003119288 -0.0000402119 0.0026292323 0.0020758726 -0.0056026308
447 -0.0002784191 0.0005080291 -0.0004376899 0.0038473079 0.0017772931 -0.0042749736
448 -0.0000949447 0.0004521772 -0.0004788030 0.0042434455 0.0010394717 -0.0026971098
449 -0.0000383965 0.0001386608 -0.0001585326 0.0045346877 0.0007011302 -0.0012839253
450 -0.0000129700 0.0000121942 -0.0000122928 0.0088286557 0.0003777643 -0.0003473400
451 0.0021561259 -0.0005908131 -0.0000325668 -0.0031507727 -0.0008569302 -0.0057167113
452 0.0019973113 -0.0009735150 -0.0000765781 -0.0056170024 -0.0012382822 -0.0078467083
453 0.0015965150 -0.0007005045 -0.0000754770 -0.0038210342 -0.0016813275 -0.0069758123
454 0.0012454426 -0.0005941943 -0.0000051910 -0.0015719470 -0.0019258975 -0.0068436403
455 0.0008856640 -0.0005258525 0.0001205147 0.0006629577 -0.0018937352 -0.0064184952
456 0.0005727030 -0.0003533276 0.0001040545 0.0026284896 -0.0015764664 -0.0055936640
457 0.0003467207 -0.0000288761 -0.0001074719 0.0037702711 -0.0013452049 -0.0042515905
458 0.0001644669 0.0000326718 -0.0000739319 0.0041664890 -0.0013691103 -0.0027201921
459 0.0000302405 -0.0001689321 0.0002011234 0.0045351007 -0.0011104986 -0.0012923738
460 -0.0000130140 -0.0002519159 0.0003290302 0.0088292642 -0.0004762540 -0.0003431851
461 0.0064823984 -0.0017866407 -0.0000912293 -0.0029205328 -0.0025362204 -0.0056603608
462 0.0059718966 -0.0029242475 -0.0002247723 -0.0051901879 -0.0036933192 -0.0072064979
463 0.0047762556 -0.0020703353 -0.0002554530 -0.0035183572 -0.0050068214 -0.0064509910
464 0.0037409400 -0.0016851399 -0.0001451666 -0.0014472257 -0.0057384339 -0.0063451124
465 0.0026862768 -0.0013783039 0.0001038822 0.0006150198 -0.0058125838 -0.0059533583
466 0.0017278748 -0.0010290677 0.0002632945 0.0024037460 -0.0052389765 -0.0051752441
467 0.0009678606 -0.0006106619 0.0002672536 0.0034012594 -0.0044719620 -0.0039202669
468 0.0004197285 -0.0004319859 0.0003759870 0.0037707728 -0.0037762037 -0.0025366042
469 0.0000942384 -0.0004880092 0.0005768222 0.0041332467 -0.0029251064 -0.0012004719
470 -0.0000157348 -0.0005187853 0.0006763256 0.0081716262 -0.0013467842 -0.0003029260
471 0.0109014296 -0.0030268786 -0.0001463316 -0.0024489655 -0.0041705473 -0.0055082218
472 0.0099298066 -0.0049018885 -0.0003663261 -0.0043246068 -0.0061878435 -0.0058924823
473 0.0079514168 -0.0034290565 -0.0004301621 -0.0029111641 -0.0083832480 -0.0054203753
474 0.0062364982 -0.0027821651 -0.0002801207 -0.0011964239 -0.0095987170 -0.0053401537
475 0.0044790696 -0.0022369352 0.0001017817 0.0005147328 -0.0097788625 -0.0050154719
476 0.0028712100 -0.0017308353 0.0004641704 0.0019523058 -0.0089381826 -0.0043493519
477 0.0015740576 -0.0012598194 0.0006992935 0.0028298893 -0.0075976154 -0.0032874097
478 0.0006595327 -0.0009647709 0.0008847704 0.0031457634 -0.0061927473 -0.0021395094
479 0.0001452256 -0.0008363113 0.0009980184 0.0033410067 -0.0047424603 -0.0010067927
480 -0.0000244468 -0.0007946312 0.0010407593 0.0068359876 -0.0022748120 -0.0002289737
481 0.0154920778 -0.0043408492 -0.0001955812 -0.0017134773 -0.0057294482 -0.0051623145
482 0.0138342999 -0.0069180903 -0.0004969633 -0.0029974360 -0.0087530575 -0.0038366862
483 0.0111298990 -0.0047680441 -0.0005962713 -0.0019983609 -0.0118435018 -0.0039304509
484 0.0087293223 -0.0038924419 -0.0004064996 -0.0008199641 -0.0135381193 -0.0038098933
485 0.0062602833 -0.0031039394 0.0001226991 0.0003604397 -0.0138238292 -0.0036069581
486 0.0039945423 -0.0024794695 0.0007396189 0.0012794415 -0.0127002828 -0.0031189637
487 0.0021546936 -0.0019508908 0.0011399529 0.0021034243 -0.0107071339 -0.0023550126
488 0.0008729518 -0.0015408667 0.0014047422 0.0023363641 -0.0086392166 -0.0015264454
489 0.0001739352 -0.0012364672 0.0015008762 0.0021969880 -0.0065572052 -0.0007086538
490 -0.0000425419 -0.0010845125 0.0014325416 0.0047803097 -0.0033173221 -0.0001260733
491 0.0203665056 -0.0057544462 -0.0002367941 -0.0006752939 -0.0071825421 -0.0044167289
492 0.0175942379 -0.0089708308 -0.0006125838 -0.0011694769 -0.0114282689 -0.0009407291
493 0.0143495787 -0.0060776867 -0.0007502436 -0.0007779361 -0.0154186958 -0.0020790218
494 0.0112048111 -0.0050280288 -0.0005218469 -0.0003123466 -0.0175880918 -0.0017051869
495 0.0080309816 -0.0039755735 0.0001819714 0.0001340415 -0.0179825725 -0.0017413094
496 0.0050863666 -0.0033120794 0.0010926636 0.0004914913 -0.0165360706 -0.0014887427
497 0.0027006768 -0.0025548772 0.0016516876 0.0007340991 -0.0138465152 -0.0011084062
498 0.0010502001 -0.0020327342 0.0019992179 0.0008448966 -0.0110758562 -0.0007135584
499 0.0001685377 -0.0017260511 0.0020931382 0.0008655038 -0.0083675575 -0.0002981354
500 -0.0000725785 -0.0013915788 0.0018660754 0.0019222629 -0.0045599977 -0.0000026769
501 -0.0223700536 0.0063730713 0.0001425398 -0.0006176034 0.0069410998 -0.0052155305
502 -0.0189556294 0.0098885494 0.0004142177 -0.0010402889 0.0111893146 -0.0011833863
503 -0.0151500769 0.0065345959 0.0006310188 -0.0006450385 0.0152970291 -0.0024086200
504 -0.0115824831 0.0050685217 0.0007242047 -0.0001955267 0.0177444719 -0.0019558447
505 -0.0080597679 0.0033714816 0.0006098571 0.0003970597 0.0187050657 -0.0020100570
506 -0.0046556882 0.0021946013 -0.0000208749 0.0009431316 0.0182071884 -0.0017956943
507 -0.0016547339 0.0017061657 -0.0012135132 0.0015763547 0.0153854841 -0.0015700011
508 -0.0000392327 0.0010394932 -0.0013516700 0.0016861852 0.0101007267 -0.0002662842
509 0.0001949771 0.0001470208 -0.0003836679 0.0013179323 0.0071543956 -0.0000433709
510 0.0000807096 -0.0000804796 0.0000335285 0.0020965490 0.0040912466 0.0000602485
511 -0.0169833648 0.0047959784 0.0001269777 -0.0015757714 0.0055258898 -0.0061675900
512 -0.0149137753 0.0076087991 0.0003586856 -0.0026976257 0.0085628968 -0.0045875900
513 -0.0117513798 0.0051113585 0.0005285125 -0.0017070011 0.0117455957 -0.0045868323
514 -0.0090259756 0.0038955744 0.0005971526 -0.0005719313 0.0136463402 -0.0044048966
515 -0.0062817134 0.0025852752 0.0005444519 0.0008239408 0.0143720453 -0.0042270455
516 -0.0036566723 0.0016150446 0.0001459753 0.0024200743 0.0140235676 -0.0038315368
517 -0.0013728854 0.0011932977 -0.0007873941 0.0039998438 0.0119686245 -0.0030067154
518 -0.0001159081 0.0006752819 -0.0008981473 0.0042326585 0.0078343208 -0.0009450080
519 0.0001216032 0.0000342271 -0.0001507135 0.0033385573 0.0056061183 -0.0001689630
520 0.0000565895 -0.0000731480 0.0000461485 0.0050713186 0.0029803860 0.0000790193
521 -0.0119313927 0.0033378168 0.0000984812 -0.0022516473 0.0040143782 -0.0066324127
522 -0.0107031125 0.0053806748 0.0002744794 -0.0038981792 0.0060446002 -0.0070015192
523 -0.0083942296 0.0036637533 0.0003989387 -0.0025010888 0.0083011399 -0.0063369376
524 -0.0064488719 0.0027534315 0.0004538727 -0.0008527525 0.0096550287 -0.0061850895
525 -0.0044964166 0.0017949541 0.0004629584 0.0011317874 0.0101620156 -0.0059163141
526 -0.0026385584 0.0010923238 0.0002147231 0.0035321533 0.0100035120 -0.0053375378
527 -0.0010178432 0.0009011531 -0.0005895049 0.0059744773 0.0086645721 -0.0040602515
528 -0.0001198278 0.0005322911 -0.0006705332 0.0062911834 0.0054776042 -0.0014805621
529 0.0000616302 -0.0000294084 -0.0000075113 0.0049185807 0.0039673775 -0.0002790305
530 0.0000361677 -0.0000849072 0.0000782642 0.0072219099 0.0020485088 0.0001023829
531 -0.0070821088 0.0019674783 0.0000608787 -0.0026824142 0.0024342815 -0.0068505638
532 -0.0064296570 0.0032042767 0.0001698658 -0.0046772268 0.0035956532 -0.0085438038
533 -0.0050369028 0.0022000477 0.0002499307 -0.0030277288 0.0049351377 -0.0075461528
534 -0.0038676754 0.0016296503 0.0002978441 -0.0010399862 0.0057389212 -0.0073558525
535 -0.0027037535 0.0010056613 0.0003706216 0.0013355159 0.0060385845 -0.0070535199
536 -0.0016046784 0.0005982174 0.0002236157 0.0042668247 0.0060998545 -0.0063297454
537 -0.0006126254 0.0007454319 -0.0005914217 0.0072379728 0.0054463822 -0.0047298419
538 -0.0000745045 0.0005253112 -0.0006411558 0.0076090650 0.0030506956 -0.0018715119
539 0.0000145716 -0.0000694026 0.0000827515 0.0059906373 0.0022748301 -0.0003646604
540 0.0000169262 -0.0001076127 0.0001224981 0.0086211378 0.0012178535 0.0001252942
541 -0.0023424603 0.0006503066 0.0000176874 -0.0028921243 0.0008134015 -0.0069364583
542 -0.0021363346 0.0010637255 0.0000527118 -0.0050606005 0.0011854347 -0.0092948787
543 -0.0016717467 0.0007276030 0.0000890502 -0.0032902612 0.0016167743 -0.0081608444
544 -0.0012858546 0.0005156653 0.0001334801 -0.0011356411 0.0018675530 -0.0079371078
545 -0.0009070060 0.0002189593 0.0002712864 0.0014401485 0.0019655767 -0.0076326112
546 -0.0005611391 0.0001122657 0.0002045151 0.0046270204 0.0022638343 -0.0068171386
547 -0.0001772646 0.0006542197 -0.0006917838 0.0077212217 0.0022711448 -0.0050141467
548 0.0000003661 0.0005824863 -0.0007092669 0.0081196431 0.0005904238 -0.0021178421
549 -0.0000245676 -0.0001042065 0.0001496294 0.0065274915 0.0005559376 -0.0004170524
550 -0.0000024018 -0.0001352633 0.0001726471 0.0093104476 0.0004401134 0.0001455866
551 0.0023624322 -0.0006491350 -0.0000273979 -0.0028921759 -0.0008209710 -0.0069362281
552 0.0021611191 -0.0010641597 -0.0000687214 -0.0050607887 -0.0012122683 -0.0092946452
553 0.0016971631 -0.0007477298 -0.0000758229 -0.0032901929 -0.0016855790 -0.0081600789
554 0.0012964109 -0.0005949211 -0.0000342522 -0.0011400572 -0.0019894129 -0.0079339995
555 0.0008901238 -0.0005646583 0.0001687573 0.0014470764 -0.0020932594 -0.0076517564
556 0.0004837021 -0.0003811406 0.0001845754 0.0046229992 -0.0015519935 -0.0068077962
557 0.0002703387 0.0005646723 -0.0007898212 0.0074097028 -0.0009075055 -0.0049143673
558 0.0000872802 0.0006412339 -0.0007747504 0.0078084646 -0.0018631366 -0.0022176564
559 -0.0000631517 -0.0001474441 0.0002174066 0.0065257233 -0.0011682540 -0.0004273175
560 -0.0000230771 -0.0001620355 0.0002234762 0.0093091929 -0.0003176266 0.0001613979
561 0.0071021230 -0.0019663394 -0.0000705856 -0.0026825626 -0.0024417707 -0.0068499062
562 0.0064545608 -0.0032046400 -0.0001860188 -0.0046777769 -0.0036222770 -0.0085430969
563 0.0050629409 -0.0022206796 -0.0002367510 -0.0030274341 -0.0050037073 -0.0075443087
564 0.0038796269 -0.0017080728 -0.0002001725 -0.0010525316 -0.0058622147 -0.0073460257
565 0.0026840764 -0.0013445493 0.0000667505 0.0013546550 -0.0061747424 -0.0071080554
566 0.0015196941 -0.0008933866 0.0001862966 0.0042664551 -0.0053922010 -0.0063101743
567 0.0007138138 0.0004051093 -0.0007740060 0.0063180352 -0.0041352065 -0.0044375733
568 0.0001702567 0.0006301183 -0.0007267398 0.0066900236 -0.0042708276 -0.0021638768
569 -0.0001102597 -0.0002084256 0.0003055392 0.0059966794 -0.0028810960 -0.0003866513
570 -0.0000464500 -0.0001818118 0.0002698770 0.0086172841 -0.0010827487 0.0001696163
571 0.0119514771 -0.0033367499 -0.0001081818 -0.0022518806 -0.0040216847 -0.0066314507
572 0.0107282826 -0.0053808977 -0.0002909092 -0.0038990149 -0.0060708367 -0.0070002969
573 0.0084213369 -0.0036852383 -0.0003858819 -0.0025004044 -0.0083691541 -0.0063353026
574 0.0064640070 -0.0028309335 -0.0003591995 -0.0008710746 -0.0097806329 -0.0061676095
575 0.0044717764 -0.0021196306 -0.0000308089 0.0011587339 -0.0103169299 -0.0059964100
576 0.0025349556 -0.0014300590 0.0002266909 0.0035600315 -0.0092987770 -0.0053314392
577 0.0011379235 0.0000740921 -0.0005057369 0.0045480866 -0.0074465594 -0.0036026553
578 0.0002344580 0.0004478399 -0.0004272669 0.0048659233 -0.0066044273 -0.0019383275
579 -0.0001766438 -0.0002906119 0.0004281778 0.0049557867 -0.0045671511 -0.0002879788
580 -0.0000735062 -0.0001884706 0.0003066236 0.0072159470 -0.0018855719 0.0001651225
581 0.0170035098 -0.0047950421 -0.0001366579 -0.0015760596 -0.0055328643 -0.0061666091
582 0.0149394399 -0.0076088174 -0.0003755366 -0.0026985968 -0.0085886128 -0.0045857207
583 0.0117796491 -0.0051337455 -0.0005156359 -0.0017056940 -0.0118126680 -0.0045872836
584 0.0090466693 -0.0039732193 -0.0005068799 -0.0005926354 -0.0137738651 -0.0043800114
585 0.0062518718 -0.0028887807 -0.0001198898 0.0008586595 -0.0145586910 -0.0043133892
586 0.0035158440 -0.0019882079 0.0003229716 0.0024605667 -0.0133185659 -0.0038711308
587 0.0015279722 -0.0005735226 0.0001439918 0.0024973374 -0.0108248988 -0.0024479653
588 0.0002654882 -0.0000509043 0.0002520856 0.0027310645 -0.0088868685 -0.0015041305
589 -0.0002745180 -0.0003888962 0.0006003069 0.0033889506 -0.0062011775 -0.0001308305
590 -0.0001041547 -0.0001767241 0.0003273430 0.0050705489 -0.0027702380 0.0001415769
591 0.0223901591 -0.0063723818 -0.0001522764 -0.0006175605 -0.0069474500 -0.0052152056
592 0.0189822345 -0.0098883047 -0.0004313985 -0.0010418462 -0.0112146045 -0.0011804317
593 0.0151789860 -0.0065574899 -0.0006192777 -0.0006406777 -0.0153622583 -0.0024134751
594 0.0116116760 -0.0051486484 -0.0006358231 -0.0002228823 -0.0178734092 -0.0019266763
595 0.0080284616 -0.0036487226 -0.0002131136 0.0004832984 -0.0189314766 -0.0020729134
596 0.0044478286 -0.0025673060 0.0005843597 0.0007544362 -0.0175373818 -0.0019070086
597 0.0018681304 -0.0016636103 0.0008221056 0.0014359947 -0.0140692920 -0.0010246859
598 0.0002468068 -0.0009931931 0.0009579206 0.0015452342 -0.0113262436 -0.0008126425
599 -0.0004148979 -0.0005000351 0.0009284760 0.0011385411 -0.0077081764 0.0000707260
600 -0.0001377281 -0.0001403693 0.0003113660 0.0021441000 -0.0038179367 0.0000950694
601 -0.0243574132 0.0068457489 0.0002212228 -0.0005236505 0.0067307080 -0.0060496112
602 -0.0203250971 0.0104924973 0.0006051421 -0.0008294960 0.0109624785 -0.0014098366
603 -0.0159929846 0.0067133971 0.0008856097 -0.0004402171 0.0150896118 -0.0027046374
604 -0.0120360830 0.0049833039 0.0011345848 -0.0000990902 0.0176075007 -0.0021641998
605 -0.0081921988 0.0027618929 0.0014981292 0.0003967201 0.0188216609 -0.0022425608
606 -0.0042446754 0.0004745440 0.0019791104 0.0016783981 0.0188220245 -0.0024042613
607 -0.0004559635 -0.0013491441 0.0017403768 0.0026203014 0.0162503282 -0.0022162089
608 0.0011387057 -0.0021236497 0.0017579040 0.0026912249 0.0092184212 0.0003640015
609 0.0005804938 -0.0019225093 0.0020804231 0.0019370758 0.0063965069 0.0005115953
610 0.0000649169 -0.0013256054 0.0016839131 0.0018026942 0.0037522912 0.0000830526
611 -0.0184654682 0.0051302686 0.0002020171 -0.0013468361 0.0053373762 -0.0072391640
612 -0.0160061707 0.0080468267 0.0005351761 -0.0021943934 0.0083831869 -0.0053209526
613 -0.0124087877 0.0052438019 0.0007464759 -0.0012380384 0.0115992569 -0.0051794165
614 -0.0093781273 0.0038230479 0.0009177467 -0.0003328048 0.0135598516 -0.0049160259
615 -0.0063638881 0.0021289069 0.0011901975 0.0008159561 0.0144430630 -0.0048602861
616 -0.0033179601 0.0003139270 0.0016736318 0.0035686167 0.0143615247 -0.0051127062
617 -0.0005100347 -0.0010760103 0.0016244310 0.0075850014 0.0126064533 -0.0040744921
618 0.0007327790 -0.0016755850 0.0016286439 0.0077375176 0.0071758963 0.0000456964
619 0.0004484503 -0.0015192544 0.0017120137 0.0042314216 0.0051619033 0.0009338665
620 0.0000681543 -0.0009833453 0.0012300085 0.0044149843 0.0027627734 0.0002937333
621 -0.0129598350 0.0035590074 0.0001597908 -0.0019166038 0.0038680857 -0.0078462007
622 -0.0114922398 0.0056767267 0.0004152451 -0.0031665632 0.0059166903 -0.0080927996
623 -0.0088662264 0.0037565395 0.0005630822 -0.0018297410 0.0082069192 -0.0071709034
624 -0.0066963627 0.0027019099 0.0006784065 -0.0005012371 0.0095999441 -0.0069238315
625 -0.0045441106 0.0014844244 0.0008977548 0.0011326327 0.0101850719 -0.0068544339
626 -0.0023875088 0.0001223921 0.0013711962 0.0049140333 0.0101636567 -0.0071043266
627 -0.0004390889 -0.0007239567 0.0010848280 0.0109025096 0.0093235385 -0.0054055830
628 0.0004496124 -0.0011502991 0.0010834393 0.0111078692 0.0047938331 -0.0002657740
629 0.0003060471 -0.0011690948 0.0013755960 0.0059344747 0.0037300921 0.0012134931
630 0.0000543573 -0.0006880300 0.0008562177 0.0063138201 0.0019354513 0.0004688160
631 -0.0076882696 0.0020935459 0.0001003210 -0.0022756525 0.0023446480 -0.0081456583
632 -0.0069052307 0.0033761934 0.0002582936 -0.0037927549 0.0035230180 -0.0098622446
633 -0.0053199056 0.0022568287 0.0003475441 -0.0022230155 0.0048867920 -0.0085471706
634 -0.0040098479 0.0016026114 0.0004233490 -0.0006120366 0.0057044023 -0.0082459894
635 -0.0027267478 0.0008367864 0.0006096606 0.0013382925 0.0060138657 -0.0081906586
636 -0.0014481836 -0.0001060067 0.0010860610 0.0057662636 0.0061303790 -0.0084134140
637 -0.0002857117 -0.0003629880 0.0004088970 0.0129744420 0.0062683560 -0.0062129991
638 0.0002462520 -0.0006180278 0.0004075312 0.0132139008 0.0021998162 -0.0005563516
639 0.0001644702 -0.0008705381 0.0010777073 0.0070486964 0.0021913652 0.0013814143
640 0.0000284684 -0.0004255391 0.0005345989 0.0075436294 0.0011972708 0.0005930357
641 -0.0025433358 0.0006917615 0.0000305657 -0.0024492336 0.0007889709 -0.0082687298
642 -0.0022947655 0.0011224546 0.0000794267 -0.0040994223 0.0011698977 -0.0107232838
643 -0.0017627830 0.0007505920 0.0001131214 -0.0024194260 0.0016104910 -0.0092470564
644 -0.0013224920 0.0005142041 0.0001594328 -0.0006662185 0.0018480137 -0.0089021771
645 -0.0009100456 0.0001901923 0.0003205047 0.0014318702 0.0018941552 -0.0088597242
646 -0.0004994558 -0.0003699943 0.0008251804 0.0061627121 0.0021681917 -0.0090669126
647 -0.0000877591 0.0000223930 -0.0003405806 0.0140138178 0.0033430567 -0.0064996832
648 0.0000857465 -0.0000626262 -0.0003385776 0.0142707475 -0.0005146130 -0.0008196275
649 0.0000276178 -0.0006162629 0.0008168899 0.0075828248 0.0006193974 0.0014638875
650 -0.0000043762 -0.0001812143 0.0002415658 0.0081385908 0.0005034900 0.0006568001
651 0.0025614360 -0.0006888447 -0.0000425895 -0.0024492185 -0.0007773489 -0.0082684572
652 0.0023206791 -0.0011149403 -0.0001066846 -0.0040995184 -0.0011701757 -0.0107227212
653 0.0017990663 -0.0007576078 -0.0001276907 -0.0024198777 -0.0016509827 -0.0092471045
654 0.0013656553 -0.0005714300 -0.0001070003 -0.0006644127 -0.0019949808 -0.0088977292
655 0.0009069890 -0.0004519178 0.0000255319 0.0014151061 -0.0022088848 -0.0088595241
656 0.0004554934 -0.0006657366 0.0005923051 0.0061314909 -0.0018121534 -0.0090866401
657 0.0001205462 0.0004712585 -0.0011532484 0.0140534802 0.0004623980 -0.0062564068
658 -0.0000650478 0.0005557694 -0.0011466979 0.0143111618 -0.0032705097 -0.0010637333
659 -0.0001048299 -0.0003964938 0.0005884438 0.0075520913 -0.0009210764 0.0014826576
660 -0.0000396559 0.0000605434 -0.0000463489 0.0081178171 -0.0001765654 0.0006549283
661 0.0077063547 -0.0020906866 -0.0001123430 -0.0022755718 -0.0023328628 -0.0081449215
662 0.0069313346 -0.0033687056 -0.0002854877 -0.0037931184 -0.0035231615 -0.0098605265
663 0.0053564321 -0.0022638088 -0.0003626569 -0.0022241367 -0.0049266485 -0.0085476752
664 0.0040552868 -0.0016620717 -0.0003693911 -0.0006072237 -0.0058506771 -0.0082331381
665 0.0027253245 -0.0010849959 -0.0002806236 0.0012902445 -0.0063282887 -0.0081870455
666 0.0014107253 -0.0009888195 0.0003893045 0.0057018293 -0.0058957692 -0.0084925608
667 0.0003076429 0.0010185583 -0.0020118615 0.0129472853 -0.0024740413 -0.0054638893
668 -0.0002366102 0.0012728702 -0.0020016941 0.0131888388 -0.0059737562 -0.0013078461
669 -0.0002359948 -0.0002006816 0.0003856610 0.0069857209 -0.0023705408 0.0014580600
670 -0.0000731509 0.0003164450 -0.0003529795 0.0074839241 -0.0008710229 0.0005842013
671 0.0129778559 -0.0035562476 -0.0001718364 -0.0019163650 -0.0038559439 -0.0078452787
672 0.0115187980 -0.0056694085 -0.0004422196 -0.0031673558 -0.0059165968 -0.0080898743
673 0.0089030505 -0.0037629955 -0.0005794799 -0.0018310705 -0.0082454470 -0.0071725319
674 0.0067463899 -0.0027674386 -0.0006205381 -0.0004940183 -0.0097451658 -0.0069058672
675 0.0045471166 -0.0017024164 -0.0006038097 0.0010542901 -0.0104959435 -0.0068330815
676 0.0023560881 -0.0013314402 0.0002102638 0.0049248310 -0.0101577118 -0.0073085407
677 0.0004452513 0.0016617877 -0.0028261371 0.0103278635 -0.0056176374 -0.0041081149
678 -0.0004561822 0.0020868326 -0.0028153839 0.0105362291 -0.0084794192 -0.0015668654
679 -0.0003730985 -0.0000146545 0.0001938708 0.0059472780 -0.0036780846 0.0014145812
680 -0.0000990738 0.0006036445 -0.0007019805 0.0062189996 -0.0016141894 0.0004396876
681 0.0184833147 -0.0051275173 -0.0002141515 -0.0013464363 -0.0053246699 -0.0072384159
682 0.0160335202 -0.0080402761 -0.0005616410 -0.0021954492 -0.0083826395 -0.0053174273
683 0.0124459944 -0.0052479249 -0.0007650670 -0.0012402046 -0.0116362690 -0.0051804462
684 0.0094335476 -0.0039018485 -0.0008530740 -0.0003184817 -0.0137021297 -0.0049075106
685 0.0063811409 -0.0022969312 -0.0009451852 0.0006862748 -0.0147491685 -0.0047758352
686 0.0032691654 -0.0016659318 0.0000108851 0.0039083714 -0.0146419405 -0.0055688874
687 0.0005129549 0.0022773245 -0.0032517008 0.0055324534 -0.0092198601 -0.0022283206
688 -0.0007433394 0.0028745144 -0.0032456099 0.0056885996 -0.0105426421 -0.0018045278
689 -0.0005353215 0.0001961214 -0.0000399053 0.0045709548 -0.0048187894 0.0013860328
690 -0.0001034822 0.0009355555 -0.0011125158 0.0042762708 -0.0024506117 0.0002092352
691 0.0243750793 -0.0068421993 -0.0002332589 -0.0005238760 -0.0067177724 -0.0060475692
692 0.0203527903 -0.0104887371 -0.0006313368 -0.0008288091 -0.0109597012 -0.0014114536
693 0.0160335615 -0.0067105583 -0.0009051304 -0.0004489100 -0.0151294829 -0.0026891232
694 0.0120873859 -0.0050857382 -0.0010690690 -0.0000551931 -0.0177322953 -0.0022183730
695 0.0082632360 -0.0028738823 -0.0012691875 0.0001361318 -0.0191525409 -0.0019717030
696 0.0040888085 -0.0018792793 -0.0004449098 0.0028264164 -0.0193165765 -0.0033130810
697 0.0005128024 0.0023547739 -0.0019529311 -0.0022943943 -0.0136618705 -0.0000646506
698 -0.0010958566 0.0031258667 -0.0019597286 -0.0022178810 -0.0117886660 -0.0017887950
699 -0.0007800218 0.0005525079 -0.0005565589 0.0030724049 -0.0058298125 0.0014052985
700 -0.0000413678 0.0013034958 -0.0015775059 0.0015782370 -0.0034303191 -0.0001321798
701 -0.0262964431 0.0070191998 0.0006376485 -0.0003443961 0.0062331237 -0.0069627982
702 -0.0216564910 0.0105462845 0.0014455304 -0.0004726638 0.0106074666 -0.0016383608
703 -0.0168268623 0.0064965445 0.0016355339 -0.0001625776 0.0147618681 -0.0029912145
704 -0.0124767889 0.0047186971 0.0017593673 0.0000502253 0.0171509532 -0.0024036980
705 -0.0083678310 0.0022942064 0.0022513957 0.0001512721 0.0179917708 -0.0024057550
706 -0.0041220438 -0.0009686180 0.0038869702 0.0010516889 0.0179064312 -0.0028053878
707 0.0010230423 -0.0054594198 0.0070198571 0.0070130760 0.0156036575 -0.0048954060
708 0.0026265119 -0.0062449110 0.0070512520 0.0070187602 0.0094032990 0.0029651223
709 0.0007349440 -0.0034384655 0.0040704191 0.0010868122 0.0066828024 0.0008288736
710 0.0000347831 -0.0019213339 0.0025222725 0.0011811450 0.0040051203 0.0000495508
711 -0.0199084973 0.0052241395 0.0005548336 -0.0008935460 0.0049048187 -0.0084599316
712 -0.0170738003 0.0080527592 0.0012353176 -0.0013108215 0.0081107367 -0.0060619607
713 -0.0130602865 0.0050767251 0.0013483879 -0.0005724378 0.0113720013 -0.0057480777
714 -0.0097232447 0.0036211844 0.0014009879 -0.0000154649 0.0132278013 -0.0054487638
715 -0.0064835807 0.0017665081 0.0017523305 0.0004527646 0.0138436505 -0.0052937630
716 -0.0031569457 -0.0006434630 0.0029613223 0.0021990055 0.0136295075 -0.0066334963
717 0.0005407918 -0.0046127511 0.0054711753 0.0110300957 0.0119997565 -0.0080416220
718 0.0017913925 -0.0052214082 0.0054840831 0.0110438865 0.0074076516 0.0038294680
719 0.0006402592 -0.0025269385 0.0030499706 0.0023766199 0.0054069300 0.0022238252
720 0.0000685609 -0.0014024489 0.0017987483 0.0030841477 0.0029455500 0.0003235968
721 -0.0139607549 0.0036042242 0.0004258970 -0.0012617438 0.0035373533 -0.0092576610
722 -0.0122670389 0.0056596728 0.0009372015 -0.0019025263 0.0057287281 -0.0091849126
723 -0.0093365282 0.0036387609 0.0009992050 -0.0008894537 0.0080664045 -0.0079611201
724 -0.0069412801 0.0025556564 0.0010181589 -0.0000720336 0.0093873738 -0.0076566193
725 -0.0046116579 0.0012473975 0.0012614268 0.0006900750 0.0097600465 -0.0075257079
726 -0.0022981778 -0.0004174273 0.0022099974 0.0029502858 0.0096554770 -0.0093145054
727 0.0003146508 -0.0045320256 0.0047346020 0.0138829356 0.0088490023 -0.0103837819
728 0.0012096838 -0.0049657110 0.0047392155 0.0138974105 0.0049852188 0.0044597477
729 0.0004195353 -0.0017403108 0.0022453751 0.0032943133 0.0038848262 0.0030951437
730 0.0000743772 -0.0009437471 0.0011878619 0.0044489009 0.0020769099 0.0005920772
731 -0.0082794693 0.0021120432 0.0002659083 -0.0014869778 0.0021406446 -0.0096700371
732 -0.0073751446 0.0033574112 0.0005805492 -0.0022756977 0.0034184168 -0.0111757443
733 -0.0056060926 0.0021900769 0.0006089452 -0.0011003295 0.0048216134 -0.0094903306
734 -0.0041520444 0.0015116082 0.0006196292 -0.0001075481 0.0056015279 -0.0091164674
735 -0.0027494528 0.0007297371 0.0007821330 0.0008564613 0.0057320980 -0.0090162859
736 -0.0014817699 -0.0002522146 0.0015595935 0.0033150278 0.0058538385 -0.0109932964
737 0.0002417052 -0.0049169404 0.0044292079 0.0162904154 0.0059401382 -0.0121907346
738 0.0007777495 -0.0051776181 0.0044321937 0.0163046531 0.0023362114 0.0051203682
739 0.0001450463 -0.0010336053 0.0015708268 0.0037937079 0.0022370746 0.0035671008
740 0.0000552286 -0.0005321781 0.0006640683 0.0053367546 0.0013068022 0.0007802649
741 -0.0027422904 0.0006969447 0.0000874479 -0.0015935856 0.0007264263 -0.0098462020
742 -0.0024553657 0.0011158017 0.0001887265 -0.0024552623 0.0011482106 -0.0121442199
743 -0.0018620777 0.0007368637 0.0001935101 -0.0012056720 0.0016139078 -0.0102671958
744 -0.0013618660 0.0004804318 0.0002108021 -0.0001221751 0.0018502579 -0.0098522600
745 -0.0008885640 0.0002039077 0.0003120080 0.0009502730 0.0017377253 -0.0097355023
746 -0.0006782157 -0.0000972347 0.0009474389 0.0032910944 0.0021263862 -0.0117337143
747 0.0002447740 -0.0055718592 0.0043474383 0.0185465389 0.0031728846 -0.0136025476
748 0.0004194339 -0.0056607410 0.0043528175 0.0185607561 -0.0004447240 0.0059559523
749 -0.0001487492 -0.0003495136 0.0009524634 0.0038438299 0.0005467111 0.0037026873
750 0.0000261941 -0.0001574278 0.0001944029 0.0057834209 0.0005850553 0.0008561634
751 0.0027491549 -0.0006923905 -0.0000971791 -0.0015936463 -0.0006935233 -0.0098460192
752 0.0024704717 -0.0011048839 -0.0002148495 -0.0024545287 -0.0011088802 -0.0121441284
753 0.0018879596 -0.0007173656 -0.0002304247 -0.0012070686 -0.0015817196 -0.0102630862
754 0.0014266821 -0.0005446124 -0.0002023940 -0.0001187129 -0.0018858507 -0.0098682132
755 0.0009811981 -0.0003413252 -0.0001512690 0.0009789937 -0.0022493061 -0.0096839973
756 0.0001302054 0.0001015979 0.0003174215 0.0028606626 -0.0016166413 -0.0115361788
757 0.0002561007 -0.0063379447 0.0043311284 0.0207723607 0.0004743089 -0.0146810148
758 0.0000682949 -0.0062551823 0.0043402871 0.0207863499 -0.0032909188 0.0070328666
759 -0.0004399604 0.0003732867 0.0003226648 0.0034148574 -0.0011166565 0.0035038404
760 0.0000043324 0.0001895124 -0.0002538823 0.0058118937 -0.0001216355 0.0008186345
761 0.0082862485 -0.0021072937 -0.0002756279 -0.0014871805 -0.0021076451 -0.0096692326
762 0.0073903112 -0.0033470364 -0.0006066337 -0.0022735630 -0.0033784164 -0.0111763072
763 0.0056335056 -0.0021706812 -0.0006457267 -0.0011041488 -0.0047911643 -0.0094767787
764 0.0042111956 -0.0015679405 -0.0006140304 -0.0001008410 -0.0056270720 -0.0091625575
765 0.0028681212 -0.0009194472 -0.0006093425 0.0009591398 -0.0062506265 -0.0088904038
766 0.0009673353 0.0003939894 -0.0003806893 0.0019965193 -0.0054743624 -0.0103420884
767 0.0002038219 -0.0070501872 0.0042135338 0.0229552065 -0.0022529693 -0.0154173223
768 -0.0003461020 -0.0067945784 0.0042251463 0.0229683121 -0.0061121089 0.0083429872
769 -0.0007010164 0.0011916517 -0.0003803814 0.0024806363 -0.0026756099 0.0029104630
770 0.0000046661 0.0005167179 -0.0007128074 0.0054358510 -0.0008472547 0.0006951966
771 0.0139674641 -0.0035990851 -0.0004355623 -0.0012621425 -0.0035044349 -0.0092554050
772 0.0122818667 -0.0056499350 -0.0009632706 -0.0018992975 -0.0056869679 -0.0091882052
773 0.0093679335 -0.0036216195 -0.0010354005 -0.0008941921 -0.0080397045 -0.0079369791
774 0.0069891208 -0.0025909012 -0.0010187333 -0.0000738286 -0.0093966725 -0.0077193392
775 0.0047711665 -0.0015459679 -0.0010643148 0.0009133989 -0.0102701468 -0.0074259939
776 0.0018857053 0.0008120904 -0.0011854657 0.0006873930 -0.0095714357 -0.0080300811
777 -0.0000040233 -0.0074892889 0.0037555435 0.0248708667 -0.0052035710 -0.0156983660
778 -0.0009140619 -0.0070579782 0.0037655086 0.0248818563 -0.0087202468 0.0097698635
779 -0.0008759709 0.0021440174 -0.0012065868 0.0010441154 -0.0040251230 0.0017983426
780 0.0000321687 0.0008338986 -0.0012148300 0.0046563975 -0.0016431828 0.0005490512
781 0.0199152845 -0.0052188801 -0.0005643609 -0.0008941742 -0.0048725331 -0.0084556184
782 0.0170874507 -0.0080419950 -0.0012614440 -0.0013074089 -0.0080661631 -0.0060679451
783 0.0130978928 -0.0050694754 -0.0013831775 -0.0005745666 -0.0113483019 -0.0057242218
784 0.0097610800 -0.0036109949 -0.0014108732 -0.0000453425 -0.0132315025 -0.0054712231
785 0.0066602104 -0.0022329208 -0.0015237538 0.0008536546 -0.0142700688 -0.0054424871
786 0.0030072876 0.0013411489 -0.0021023446 -0.0009754819 -0.0140695765 -0.0044095975
787 -0.0005050330 -0.0072947133 0.0025162254 0.0257632570 -0.0088381432 -0.0152054565
788 -0.0017715684 -0.0066834178 0.0025176031 0.0257688871 -0.0106604131 0.0109900814
789 -0.0008380639 0.0032206081 -0.0021726975 -0.0007730572 -0.0050208362 -0.0000151574
790 0.0000551480 0.0011634976 -0.0017961651 0.0034423663 -0.0025976490 0.0004941710
791 0.0263028714 -0.0070168700 -0.0006471196 -0.0003451930 -0.0062002371 -0.0069631120
792 0.0216709480 -0.0105273131 -0.0014713028 -0.0004706496 -0.0105645225 -0.0016291248
793 0.0168618409 -0.0065187810 -0.0016692500 -0.0001586346 -0.0147216281 -0.0030299300
794 0.0125441519 -0.0046233094 -0.0017746014 -0.0000170960 -0.0172172781 -0.0022040999
795 0.0084236686 -0.0029676913 -0.0020172569 0.0006922849 -0.0181285904 -0.0032513061
796 0.0046091868 0.0018474773 -0.0030201542 -0.0024655753 -0.0191364497 0.0007742052
797 -0.0015302937 -0.0057673706 -0.0005633892 0.0231200114 -0.0143774481 -0.0131666417
798 -0.0031517291 -0.0049731547 -0.0005806406 0.0231130906 -0.0107198678 0.0112293614
799 -0.0002947054 0.0042923795 -0.0031826874 -0.0023949558 -0.0055237800 -0.0027282677
800 -0.0000755429 0.0015763284 -0.0025042229 0.0016465080 -0.0038481390 0.0007127375
801 -0.0280590476 0.0066388835 0.0017265715 0.0000704416 0.0047663114 -0.0078453814
802 -0.0229271010 0.0098416634 0.0032623773 0.0001970178 0.0099790099 -0.0018618530
803 -0.0175911964 0.0059454092 0.0028450910 0.0002032654 0.0140362913 -0.0032652840
804 -0.0128653301 0.0043498903 0.0024814520 0.0001295165 0.0161750529 -0.0026762600
805 -0.0083196412 0.0020858610 0.0024729177 0.0002424854 0.0163699185 -0.0027231591
806 -0.0036231675 -0.0011079695 0.0037285667 -0.0004743269 0.0138031136 -0.0031112979
807 0.0017783410 -0.0056582778 0.0067341654 -0.0064879386 0.0112809469 -0.0049983840
808 0.0034288761 -0.0063535529 0.0066092023 -0.0065553932 0.0122513758 0.0028931698
809 0.0013527878 -0.0033209608 0.0035043284 -0.0006900450 0.0090392073 0.0010003999
810 0.0002621262 -0.0016697990 0.0019913701 0.0006167371 0.0039184714 0.0001832415
811 -0.0212049785 0.0048767069 0.0014347658 -0.0000352289 0.0036710551 -0.0097713251
812 -0.0180797396 0.0074596137 0.0026796210 0.0000383396 0.0075773484 -0.0068207468
813 -0.0136503954 0.0046471080 0.0022848814 0.0001445305 0.0107184393 -0.0064481308
814 -0.0100256277 0.0033283996 0.0019537236 0.0001677257 0.0123482978 -0.0062096304
815 -0.0064488174 0.0016118967 0.0019060648 0.0004472601 0.0124685334 -0.0061183889
816 -0.0027747457 -0.0007401931 0.0028372121 -0.0005361998 0.0105517628 -0.0073925779
817 0.0011212364 -0.0047662566 0.0053216862 -0.0091430810 0.0085678263 -0.0084637225
818 0.0024067112 -0.0053066658 0.0052174684 -0.0092612708 0.0094564644 0.0036254823
819 0.0011159214 -0.0024294211 0.0026209528 -0.0008568340 0.0069231028 0.0024115395
820 0.0002470791 -0.0011848531 0.0013327043 0.0016204473 0.0028839575 0.0005339930
821 -0.0148507952 0.0033257116 0.0010764331 -0.0000615347 0.0026023176 -0.0108724369
822 -0.0129892204 0.0052084191 0.0019944523 -0.0000209769 0.0053139044 -0.0103746585
823 -0.0097597931 0.0033318689 0.0016736523 0.0001202036 0.0075373671 -0.0090949381
824 -0.0071604223 0.0023473344 0.0014123252 0.0002223485 0.0086817949 -0.0088883972
825 -0.0045901592 0.0011523372 0.0013508493 0.0005977751 0.0087640016 -0.0088338538
826 -0.0020197123 -0.0004719223 0.0021023007 -0.0004814423 0.0072206912 -0.0105086248
827 0.0007330316 -0.0046693540 0.0046842202 -0.0109533216 0.0055271929 -0.0111372630
828 0.0016531340 -0.0050552881 0.0046063526 -0.0111170464 0.0071546716 0.0040896154
829 0.0007671668 -0.0016590872 0.0019232020 -0.0008385187 0.0050569856 0.0032379198
830 0.0002038128 -0.0007703290 0.0008245364 0.0023384661 0.0019513256 0.0008301839
831 -0.0088022287 0.0019324657 0.0006666803 -0.0000528400 0.0015583585 -0.0114814345
832 -0.0078117529 0.0030753846 0.0012275309 -0.0000346492 0.0031580022 -0.0126605370
833 -0.0058659818 0.0020075864 0.0010169698 0.0001096134 0.0044841153 -0.0109558174
834 -0.0042911718 0.0013936365 0.0008521896 0.0002661778 0.0051629894 -0.0107021389
835 -0.0027395484 0.0006973233 0.0008014291 0.0006895062 0.0052170148 -0.0106836659
836 -0.0012980509 -0.0002712890 0.0014649668 -0.0003138424 0.0039006290 -0.0125159454
837 0.0005082975 -0.0050707470 0.0044913020 -0.0126315042 0.0023619437 -0.0132073241
838 0.0010611376 -0.0053037607 0.0044449578 -0.0128275699 0.0051400416 0.0046211276
839 0.0003755629 -0.0009748310 0.0013490500 -0.0006770556 0.0033525220 0.0036601583
840 0.0001379915 -0.0004066427 0.0004112738 0.0027973497 0.0010949160 0.0010220817
841 -0.0029201436 0.0006352662 0.0002249101 -0.0000405840 0.0005315823 -0.0117546598
842 -0.0026089286 0.0010206013 0.0004108991 -0.0000341549 0.0010678999 -0.0137779200
843 -0.0019605497 0.0006794343 0.0003328510 0.0001067337 0.0015172016 -0.0119093485
844 -0.0014230058 0.0004553669 0.0002795569 0.0002885809 0.0017409881 -0.0116248372
845 -0.0008887625 0.0002351101 0.0002581245 0.0007183102 0.0017724186 -0.0115891317
846 -0.0005839382 -0.0000851440 0.0008652860 -0.0000205784 0.0006250196 -0.0134352800
847 0.0003660759 -0.0057617015 0.0045312740 -0.0144500651 -0.0008637705 -0.0147757565
848 0.0005501514 -0.0058429211 0.0045198344 -0.0146627110 0.0032964563 0.0054017951
849 -0.0000286034 -0.0003173544 0.0008293295 -0.0003818373 0.0017224200 0.0037704090
850 0.0000645507 -0.0000817482 0.0000542198 0.0030089083 0.0002842799 0.0010931338
851 0.0029089085 -0.0006297412 -0.0002276957 -0.0000404413 -0.0004890963 -0.0117544392
852 0.0025985777 -0.0010072218 -0.0004222939 -0.0000343052 -0.0010002458 -0.0137780938
853 0.0019501460 -0.0006495520 -0.0003602811 0.0001098760 -0.0014185849 -0.0119057359
854 0.0014428514 -0.0004765191 -0.0002978580 0.0002876424 -0.0016497951 -0.0116403524
855 0.0009717701 -0.0002465800 -0.0002786793 0.0006756689 -0.0016337626 -0.0115314418
856 0.0001366644 0.0001467783 0.0002442991 0.0004197878 -0.0025927846 -0.0132483003
857 0.0002342936 -0.0065603599 0.0046266123 -0.0165270945 -0.0041259911 -0.0158878338
858 0.0000488131 -0.0064899196 0.0046512690 -0.0167398047 0.0015277853 0.0065124101
859 -0.0004280592 0.0003809599 0.0002942416 0.0000575602 0.0000758201 0.0035817023
860 -0.0000005406 0.0002138347 -0.0002801652 0.0029725346 -0.0005104431 0.0010496812
861 0.0087908850 -0.0019267155 -0.0006694697 -0.0000524156 -0.0015158141 -0.0114805076
862 0.0078013859 -0.0030624860 -0.0012389049 -0.0000351294 -0.0030905674 -0.0126618560
863 0.0058568247 -0.0019776917 -0.0010442111 0.0001181937 -0.0043819339 -0.0109436452
864 0.0043052498 -0.0014081833 -0.0008726437 0.0002672446 -0.0050779953 -0.0107474285
865 0.0028496532 -0.0007621500 -0.0008080409 0.0005478433 -0.0050733774 -0.0105398552
866 0.0008842662 0.0004805770 -0.0004520056 0.0010269288 -0.0057352231 -0.0118931033
867 0.0000362956 -0.0072741791 0.0045865132 -0.0188813837 -0.0073817384 -0.0165306278
868 -0.0005187004 -0.0070508669 0.0046461218 -0.0190771329 -0.0002864183 0.0079407503
869 -0.0007996173 0.0011835544 -0.0003212875 0.0006592720 -0.0016891868 0.0030307293
870 -0.0000435068 0.0004882971 -0.0006236626 0.0026770023 -0.0013137956 0.0009199781
871 0.0148393377 -0.0033195096 -0.0010792004 -0.0000608445 -0.0025593942 -0.0108699469
872 0.0129783720 -0.0051960417 -0.0020058669 -0.0000217741 -0.0052473797 -0.0103790817
873 0.0097540764 -0.0033039488 -0.0017002146 0.0001313356 -0.0074279944 -0.0090727053
874 0.0071627966 -0.0023427888 -0.0014381139 0.0002370847 -0.0086048744 -0.0089512295
875 0.0047431776 -0.0013288992 -0.0013287117 0.0003198862 -0.0086310085 -0.0087070294
876 0.0017091287 0.0009519760 -0.0012625619 0.0017948899 -0.0087602448 -0.0092598819
877 -0.0003254013 -0.0076571946 0.0041522119 -0.0213513249 -0.0104908786 -0.0165973339
878 -0.0012488053 -0.0072782301 0.0042433335 -0.0215127130 -0.0023581311 0.0095457312
879 -0.0010905416 0.0021323805 -0.0010666969 0.0014254334 -0.0036928824 0.0019751551
880 -0.0000603868 0.0007517336 -0.0010096645 0.0021039557 -0.0021396157 0.0007617647
881 0.0211935390 -0.0048702910 -0.0014374493 -0.0000343307 -0.0036270779 -0.0097666238
882 0.0180675275 -0.0074460257 -0.0026912468 0.0000375604 -0.0075125054 -0.0068280433
883 0.0136500992 -0.0046286339 -0.0023099494 0.0001526658 -0.0106013761 -0.0064260824
884 0.0100170175 -0.0032799705 -0.0019886798 0.0002129905 -0.0122640634 -0.0062343496
885 0.0066216079 -0.0019623174 -0.0018454343 -0.0000041695 -0.0124169188 -0.0062369468
886 0.0027329686 0.0015419810 -0.0021801611 0.0026133531 -0.0115845081 -0.0051936631
887 -0.0009949457 -0.0073285583 0.0028688456 -0.0232510292 -0.0130383509 -0.0157928307
888 -0.0022846369 -0.0067900801 0.0029861312 -0.0233622533 -0.0051542339 0.0109520815
889 -0.0011748253 0.0032124276 -0.0019437750 0.0022665740 -0.0060705670 0.0001957665
890 -0.0000832665 0.0010285675 -0.0014814990 0.0012425901 -0.0029861258 0.0006770009
891 0.0280471884 -0.0066352532 -0.0017292899 0.0000714442 -0.0047224281 -0.0078449995
892 0.0229154607 -0.0098195726 -0.0032740199 0.0001967414 -0.0099113176 -0.0018540390
893 0.0175874409 -0.0059558270 -0.0028693812 0.0002028652 -0.0139303127 -0.0033042385
894 0.0128841294 -0.0042158045 -0.0025224252 0.0002055870 -0.0160110094 -0.0024823307
895 0.0083742925 -0.0026514096 -0.0024036621 -0.0003137509 -0.0165917504 -0.0035434984
896 0.0042334879 0.0020876881 -0.0030492914 0.0029660557 -0.0141000847 0.0004713094
897 -0.0022095794 -0.0055514006 -0.0002803279 -0.0221427827 -0.0138255837 -0.0134103525
898 -0.0038662160 -0.0048519888 -0.0001420220 -0.0221986804 -0.0098792987 0.0112989233
899 -0.0007586574 0.0042613425 -0.0028024277 0.0027129227 -0.0089089842 -0.0025618296
900 -0.0002587185 0.0013991663 -0.0021242138 0.0001547277 -0.0038464111 0.0008268388
901 -0.0290297802 0.0059288798 0.0031952101 0.0002063302 0.0010063792 -0.0082194588
902 -0.0235233598 0.0088152102 0.0052910050 0.0002209923 0.0067466337 -0.0030618644
903 -0.0180265018 0.0054085236 0.0038505700 0.0000127770 0.0086260642 -0.0046895200
904 -0.0131092599 0.0040676392 0.0030418895 -0.0000405897 0.0099996411 -0.0043044947
905 -0.0082263176 0.0021120378 0.0022869245 -0.0001217966 0.0099631366 -0.0045467749
906 -0.0030534977 -0.0003616317 0.0021250436 -0.0006075646 0.0080112762 -0.0044895895
907 0.0018535595 -0.0026511112 0.0018445811 -0.0008163816 0.0061224273 -0.0037849975
908 0.0035377638 -0.0032341626 0.0015360757 -0.0008439455 0.0081691606 -0.0005018839
909 0.0020004506 -0.0022154350 0.0013033396 -0.0007532302 0.0057241410 0.0003261771
910 0.0004857820 -0.0010170379 0.0007729956 -0.0002838151 0.0018865792 0.0002997563
911 -0.0218480104 0.0042790641 0.0026054139 0.0005185939 0.0005830305 -0.0108163262
912 -0.0184519477 0.0066044191 0.0042785212 0.0007225642 0.0048227157 -0.0094889084
913 -0.0139582071 0.0042082009 0.0030765454 0.0003124598 0.0060046384 -0.0100180894
914 -0.0102051832 0.0030974094 0.0024194437 0.0001591596 0.0069916904 -0.0102512810
915 -0.0064227382 0.0016577338 0.0017934053 0.0000670515 0.0069893498 -0.0104266829
916 -0.0024458879 -0.0002804596 0.0017337539 -0.0011701595 0.0055983384 -0.0102293932
917 0.0012796117 -0.0021789597 0.0017634976 -0.0037974840 0.0039718764 -0.0080490573
918 0.0025832772 -0.0026292214 0.0015191220 -0.0038995074 0.0060231739 -0.0022847230
919 0.0014797992 -0.0016940246 0.0010683927 -0.0015290812 0.0040207534 0.0001062008
920 0.0003564546 -0.0006554151 0.0004702697 0.0000067545 0.0011979857 0.0003885404
921 -0.0152558616 0.0028784984 0.0019271677 0.0008268719 0.0003144400 -0.0123791168
922 -0.0132130482 0.0045788224 0.0031333403 0.0011231110 0.0032683327 -0.0139922220
923 -0.0099677072 0.0030171196 0.0022254106 0.0004942696 0.0039699477 -0.0140734069
924 -0.0072953593 0.0021965422 0.0017444916 0.0003050969 0.0046490038 -0.0145206266
925 -0.0046191212 0.0011981192 0.0012841539 0.0001832351 0.0046746899 -0.0147383253
926 -0.0017928461 -0.0002542404 0.0013473798 -0.0016237503 0.0036263775 -0.0143900823
927 0.0008963122 -0.0015518078 0.0012468983 -0.0059681193 0.0020445332 -0.0111192106
928 0.0018269655 -0.0018733536 0.0010711994 -0.0061331270 0.0045763475 -0.0035954490
929 0.0010146060 -0.0012529112 0.0008576217 -0.0021198680 0.0027428659 -0.0000520065
930 0.0002383169 -0.0003836492 0.0002539120 0.0002362976 0.0006903253 0.0004725308
931 -0.0090267494 0.0016573634 0.0011832457 0.0010596299 0.0001529098 -0.0132773507
932 -0.0079345396 0.0026927149 0.0019101002 0.0014020672 0.0019074778 -0.0168467589
933 -0.0059929677 0.0018190949 0.0013446122 0.0005990056 0.0022770139 -0.0167903626
934 -0.0043934474 0.0013278668 0.0010477131 0.0003962717 0.0026864100 -0.0172923611
935 -0.0028120256 0.0007333008 0.0007728836 0.0002547338 0.0027380840 -0.0175588070
936 -0.0011034921 -0.0002912968 0.0009924949 -0.0019119408 0.0019038671 -0.0171005435
937 0.0006417396 -0.0009431472 0.0006306934 -0.0073469020 0.0002156607 -0.0130606798
938 0.0012032110 -0.0011385031 0.0005256050 -0.0075562462 0.0035574283 -0.0045069623
939 0.0005932055 -0.0008916420 0.0006919047 -0.0024859270 0.0017159507 -0.0001579157
940 0.0001258253 -0.0001731058 0.0000993223 0.0003967305 0.0002960076 0.0005314614
941 -0.0029960583 0.0005428285 0.0003998946 0.0011828103 0.0000539678 -0.0136897218
942 -0.0026568982 0.0008938192 0.0006429397 0.0015451763 0.0006397003 -0.0182307179
943 -0.0020176623 0.0006152325 0.0004509529 0.0006479217 0.0007622811 -0.0181508609
944 -0.0014977521 0.0004726868 0.0003417963 0.0004362413 0.0009199137 -0.0186544454
945 -0.0010015684 0.0002675905 0.0002587822 0.0002948092 0.0009961309 -0.0189455393
946 -0.0003888718 -0.0003820665 0.0006725614 -0.0020177352 0.0003280034 -0.0184420255
947 0.0004584252 -0.0003324083 -0.0000375853 -0.0079785354 -0.0015678932 -0.0139149417
948 0.0006526741 -0.0004029549 -0.0000710415 -0.0082107539 0.0027639080 -0.0050605093
949 0.0002009498 -0.0005935802 0.0005694128 -0.0026247957 0.0008027798 -0.0002087208
950 0.0000166560 0.0000035343 -0.0000217292 0.0004826264 -0.0000357939 0.0005537563
951 0.0029713780 -0.0005364845 -0.0003965297 0.0011828037 -0.0000244052 -0.0136892459
952 0.0026169549 -0.0008753632 -0.0006385599 0.0015452319 -0.0006003881 -0.0182305484
953 0.0019588741 -0.0005906364 -0.0004465224 0.0006496671 -0.0006968938 -0.0181527158
954 0.0013967031 -0.0003805916 -0.0003654482 0.0004284521 -0.0007861634 -0.0186438369
955 0.0008119674 -0.0001936619 -0.0002623061 0.0003071282 -0.0006868797 -0.0189280257
956 0.0003378873 -0.0005111291 0.0003828517 -0.0019506410 -0.0011639377 -0.0184638185
957 0.0002922932 0.0003570607 -0.0007941317 -0.0078364836 -0.0033219562 -0.0136888088
958 0.0001198579 0.0004108510 -0.0007555460 -0.0080693087 0.0020241236 -0.0052878258
959 -0.0001784072 -0.0003363048 0.0004796548 -0.0025541382 -0.0001133762 -0.0001907081
960 -0.0000906769 0.0001716693 -0.0001355841 0.0004901515 -0.0003460618 0.0005343727
961 0.0090019948 -0.0016510597 -0.0011798913 0.0010595859 -0.0001233622 -0.0132760362
962 0.0078945983 -0.0026740291 -0.0019057061 0.0014021850 -0.0018679684 -0.0168460555
963 0.0059335437 -0.0017942852 -0.0013405680 0.0006039410 -0.0022107403 -0.0167961944
964 0.0042951908 -0.0012420281 -0.0010670768 0.0003745144 -0.0025527177 -0.0172629706
965 0.0026285931 -0.0006435387 -0.0007958716 0.0002898344 -0.0024337536 -0.0175042439
966 0.0010610811 -0.0006623024 0.0001167698 -0.0017478724 -0.0026253142 -0.0171911381
967 0.0000922728 0.0012037077 -0.0016775688 -0.0067947525 -0.0050292335 -0.0123573956
968 -0.0004476442 0.0013821092 -0.0015670447 -0.0070058430 0.0011536319 -0.0052135620
969 -0.0005633785 -0.0000964811 0.0004100190 -0.0023119114 -0.0011408612 -0.0000778156
970 -0.0001972527 0.0003569802 -0.0002682464 0.0004186719 -0.0006709563 0.0004721334
971 0.0152309121 -0.0028722368 -0.0019238793 0.0008267426 -0.0002849153 -0.0123773252
972 0.0131732574 -0.0045599057 -0.0031288022 0.0011231365 -0.0032284703 -0.0139905480
973 0.0099067832 -0.0029909697 -0.0022225758 0.0005015001 -0.0039019167 -0.0140832176
974 0.0072020306 -0.0021245721 -0.0017547346 0.0002735136 -0.0045139602 -0.0144819837
975 0.0044497271 -0.0010738318 -0.0013463890 0.0002401192 -0.0043832248 -0.0146353369
976 0.0017594872 -0.0008154817 -0.0001384057 -0.0014887262 -0.0041306445 -0.0146292860
977 -0.0001884979 0.0022259323 -0.0026374486 -0.0046306890 -0.0066362192 -0.0098804682
978 -0.0010981458 0.0025299246 -0.0024555526 -0.0047983490 -0.0000885519 -0.0048388768
979 -0.0009781983 0.0001532429 0.0003418807 -0.0019705045 -0.0023853600 0.0001720940
980 -0.0003021271 0.0005865223 -0.0004465073 0.0002742447 -0.0010476582 0.0003662926
981 0.0218226683 -0.0042726462 -0.0026023087 0.0005183965 -0.0005534987 -0.0108144657
982 0.0184126175 -0.0065859233 -0.0042735982 0.0007221954 -0.0047824891 -0.0094866086
983 0.0138950727 -0.0041776240 -0.0030760947 0.0003206678 -0.0059337703 -0.0100279638
984 0.0101156732 -0.0030485597 -0.0024170147 0.0001218674 -0.0068521390 -0.0102286622
985 0.0062834855 -0.0014817645 -0.0019052468 0.0001594509 -0.0067186321 -0.0102379451
986 0.0023979493 -0.0009186512 -0.0004403827 -0.0013137998 -0.0058218902 -0.0107563248
987 -0.0005885523 0.0032044938 -0.0032701523 -0.0010994621 -0.0080724752 -0.0062554771
988 -0.0018719842 0.0036359877 -0.0030182099 -0.0012048035 -0.0020285319 -0.0040826409
989 -0.0014618838 0.0004720966 0.0002126612 -0.0016561678 -0.0039465043 0.0006144985
990 -0.0003961298 0.0008839471 -0.0006924977 0.0000744584 -0.0015247076 0.0002138582
991 0.0290039288 -0.0059214871 -0.0031920619 0.0002064368 -0.0009762031 -0.0082161833
992 0.0234841142 -0.0087989077 -0.0052864159 0.0002195637 -0.0067073794 -0.0030643576
993 0.0179636326 -0.0053688271 -0.0038502755 0.0000208753 -0.0085479210 -0.0046808693
994 0.0130100148 -0.0040445152 -0.0030399648 -0.0000835997 -0.0098582991 -0.0043587064
995 0.0081615553 -0.0019099654 -0.0023883218 0.0000488513 -0.0096967970 -0.0041861870
996 0.0029090034 -0.0007602208 -0.0010744882 -0.0013974101 -0.0079848525 -0.0054653257
997 -0.0011299450 0.0030834085 -0.0019322038 0.0037040157 -0.0094002797 -0.0016900444
998 -0.0027938655 0.0036469639 -0.0016153921 0.0036723780 -0.0049996527 -0.0025962711
999 -0.0020871476 0.0010776931 -0.0002630717 -0.0015249843 -0.0059093703 0.0012720677
1000 -0.0004449901 0.0012380888 -0.0009831052 -0.0001528731 -0.0021799524 0.0000174394
